0	350.966	45.0000	2.4749	2.4749	0.0000	0.0000	979.8183	29996.5000	8000.0000	0.0000	32996.0000	7000.0000	0.0000	-0.0000	45.0000	-0.0000	30000.0000	-0.0000	0.0000	0.0000	0.0000	0.0000	0.0000
0.1000	360.5789	45.0003	27.6252	27.5713	0.0000	0.0002	978.0029	29961.5000	8000.0000	0.0000	32956.0000	7000.0000	0.0000	0.0477	45.0001	-0.0000	29964.5664	0.1104	0.0000	0.1608	0.0000	0.0000	0.0000
0.2000	370.1084	45.0022	53.5012	53.2961	0.0000	0.0005	976.1913	29926.5000	8000.0000	0.0000	32916.0000	7000.0000	0.0000	0.0934	45.0003	-0.0000	29928.1745	0.2157	0.0000	0.2961	0.0000	0.0000	0.0000
0.3000	379.5542	45.0062	80.0964	79.6435	0.0000	0.0010	974.3835	29891.5000	8000.0000	0.0000	32876.0000	7000.0000	0.0000	0.1376	45.0006	-0.0000	29890.8329	0.3172	0.0000	0.4178	0.0000	0.0000	0.0000
0.4000	388.9280	45.0128	107.4049	106.6084	0.0000	0.0014	972.5794	29856.5000	8000.0000	0.0000	32836.0000	7000.0000	0.0000	0.1808	45.0010	-0.0000	29852.5496	0.4156	0.0000	0.5322	0.0000	0.0000	0.0000
0.5000	398.2305	45.0219	135.4210	134.1861	0.0000	0.0018	970.7791	29821.5000	8000.0000	0.0000	32796.0000	7000.0000	0.0000	0.2231	45.0016	-0.0000	29813.3319	0.5111	0.0000	0.6428	0.0000	0.0000	0.0000
0.6000	407.4609	45.0333	164.1392	162.3720	0.0000	0.0022	968.9825	29786.5000	8000.0000	0.0000	32756.0000	7000.0000	0.0000	0.2645	45.0023	-0.0000	29773.1869	0.6041	0.0000	0.7516	0.0000	0.0000	0.0000
0.7000	416.6180	45.0469	193.5535	191.1617	0.0000	0.0026	967.1896	29751.5000	8000.0000	0.0000	32716.0000	7000.0000	0.0000	0.3047	45.0032	-0.0000	29732.1221	0.6945	0.0000	0.8536	0.0000	0.0000	0.0000
0.8000	425.7006	45.0624	223.6581	220.5503	0.0000	0.0029	965.4006	29716.5000	8000.0000	0.0000	32676.0000	7000.0000	0.0000	0.3438	45.0041	-0.0000	29690.1449	0.7825	0.0000	0.9528	0.0000	0.0000	0.0000
0.9000	434.7076	45.0796	254.4471	250.5332	0.0000	0.0031	963.6152	29681.5000	8000.0000	0.0000	32636.0000	7000.0000	0.0000	0.3821	45.0052	-0.0000	29647.2628	0.8680	0.0000	1.0498	0.0000	0.0000	0.0000
1.0000	443.6381	45.0982	285.9142	281.1058	0.0000	0.0034	961.8336	29646.5000	8000.0000	0.0000	32596.0000	7000.0000	0.0000	0.4194	45.0065	-0.0000	29603.4835	0.9510	0.0000	1.1444	0.0000	0.0000	0.0000
1.1000	452.4912	45.1181	318.0534	312.2632	0.0000	0.0036	960.0558	29611.5000	8000.0000	0.0000	32556.0000	7000.0000	0.0000	0.4557	45.0078	-0.0000	29558.8146	1.0316	0.0000	1.2372	0.0000	0.0000	0.0000
1.2000	461.2661	45.1390	350.8584	344.0007	0.0000	0.0038	958.2817	29576.5000	8000.0000	0.0000	32516.0000	7000.0000	0.0000	0.4911	45.0093	-0.0000	29513.2641	1.1098	0.0000	1.3283	0.0000	0.0000	0.0000
1.3000	469.9618	45.1610	384.3227	376.3135	0.0000	0.0039	956.5114	29541.5000	8000.0000	0.0000	32476.0000	7000.0000	0.0000	0.5255	45.0108	-0.0000	29466.8397	1.1857	0.0000	1.4173	0.0000	0.0000	0.0000
1.4000	478.5778	45.1837	418.4401	409.1966	0.0000	0.0040	954.7448	29506.5000	8000.0000	0.0000	32436.0000	7000.0000	0.0000	0.5591	45.0126	-0.0000	29419.5495	1.2592	0.0000	1.5043	0.0000	0.0000	0.0000
1.5000	487.1134	45.2072	453.2039	442.6454	0.0000	0.0042	952.9819	29471.5000	8000.0000	0.0000	32396.0000	7000.0000	0.0000	0.5917	45.0144	-0.0000	29371.4015	1.3306	0.0000	1.5892	0.0000	0.0000	0.0000
1.6000	495.5678	45.2313	488.6077	476.6548	0.0000	0.0043	951.2229	29436.5000	8000.0000	0.0000	32356.0000	7000.0000	0.0000	0.6234	45.0163	-0.0000	29322.4037	1.3997	0.0000	1.6721	0.0000	0.0000	0.0000
1.7000	503.9406	45.2560	524.6449	511.2199	0.0000	0.0043	949.4675	29401.5000	8000.0000	0.0000	32316.0000	7000.0000	0.0000	0.6543	45.0184	-0.0000	29272.5644	1.4667	0.0000	1.7531	0.0000	0.0000	0.0000
1.8000	512.2336	45.2811	561.3089	546.3358	0.0000	0.0044	947.7159	29366.5000	8000.0000	0.0000	32276.0000	7000.0000	0.0000	0.6845	45.0205	-0.0000	29221.8916	1.5317	0.0000	1.8248	0.0000	0.0000	0.0000
1.9000	520.4589	45.3066	598.5936	581.9981	0.0000	0.0045	945.9681	29331.5000	8000.0000	0.0000	32236.0000	7000.0000	0.0000	0.7141	45.0228	-0.0000	29170.3930	1.5946	0.0000	1.8858	0.0000	0.0000	0.0000
2.0000	528.6190	45.3324	636.4934	618.2030	0.0000	0.0045	944.2240	29296.5000	8000.0000	0.0000	32196.0000	7000.0000	0.0000	0.7429	45.0252	-0.0000	29118.0752	1.6556	0.0000	1.9438	0.0000	0.0000	0.0000
2.1000	536.7144	45.3586	675.0028	654.9468	0.0000	0.0046	942.4837	29261.5000	8000.0000	0.0000	32156.0000	7000.0000	0.0000	0.7710	45.0277	-0.0000	29064.9446	1.7147	0.0000	1.9992	0.0000	0.0000	0.0000
2.2000	544.7459	45.3850	714.1166	692.2257	0.0000	0.0046	940.7471	29226.5000	8000.0000	0.0000	32116.0000	7000.0000	0.0000	0.7984	45.0303	-0.0000	29011.0077	1.7719	0.0000	2.0520	0.0000	0.0000	0.0000
2.3000	552.7141	45.4117	753.8293	730.0362	0.0000	0.0047	939.0142	29191.5000	8000.0000	0.0000	32076.0000	7000.0000	0.0000	0.8251	45.0330	-0.0000	28956.2709	1.8273	0.0000	2.1024	0.0000	0.0000	0.0000
2.4000	560.6199	45.4385	794.1356	768.3748	0.0000	0.0047	937.2852	29156.5000	8000.0000	0.0000	32036.0000	7000.0000	0.0000	0.8511	45.0358	-0.0000	28900.7405	1.8810	0.0000	2.1504	0.0000	0.0000	0.0000
2.5000	568.4639	45.4655	835.0302	807.2378	0.0000	0.0047	935.5598	29121.5000	8000.0000	0.0000	31996.0000	7000.0000	0.0000	0.8764	45.0387	-0.0000	28844.4227	1.9331	0.0000	2.1962	0.0000	0.0000	0.0000
2.6000	576.2471	45.4927	876.5080	846.6219	0.0000	0.0047	933.8382	29086.5000	8000.0000	0.0000	31956.0000	7000.0000	0.0000	0.9011	45.0418	-0.0000	28787.3236	1.9834	0.0000	2.2398	0.0000	0.0000	0.0000
2.7000	583.9691	45.5198	918.5638	886.5236	0.0000	0.0048	932.1204	29051.5000	8000.0000	0.0000	31916.0000	7000.0000	0.0000	0.9250	45.0449	-0.0000	28729.4493	2.0322	0.0000	2.2813	0.0000	0.0000	0.0000
2.8000	591.6282	45.5471	961.1923	926.9394	0.0000	0.0048	930.4063	29016.5000	8000.0000	0.0000	31876.0000	7000.0000	0.0000	0.9483	45.0481	-0.0000	28670.8059	2.0795	0.0000	2.3208	0.0000	0.0000	0.0000
2.9000	599.2250	45.5744	1004.3883	967.8659	0.0000	0.0048	928.6960	28981.5000	8000.0000	0.0000	31836.0000	7000.0000	0.0000	0.9709	45.0514	-0.0000	28611.3997	2.1252	0.0000	2.3585	0.0000	0.0000	0.0000
3.0000	606.7604	45.6017	1048.1465	1009.2994	0.0000	0.0048	926.9894	28946.5000	8000.0000	0.0000	31796.0000	7000.0000	0.0000	0.9930	45.0548	-0.0000	28551.2369	2.1695	0.0000	2.3940	0.0000	0.0000	0.0000
3.1000	614.2695	44.4353	1092.4722	1051.2272	0.0000	-0.3742	925.2865	28911.5000	8000.0000	0.0000	31756.0000	7000.0000	0.0000	0.3836	14.1020	-0.0000	28536.9867	1.2515	0.0000	-17.2256	0.0000	0.0000	0.0000
3.2000	621.7699	41.9727	1137.3865	1093.6255	0.0000	-0.4698	923.5875	28876.5000	8000.0000	0.0000	31716.0000	7000.0000	0.0000	-0.6223	14.0584	-0.0000	28449.2281	-1.0724	0.0000	-13.3705	0.0000	0.0000	0.0000
3.3000	629.0852	39.2543	1182.9187	1136.4527	0.0000	-0.4717	921.8921	28841.5000	8000.0000	0.0000	31676.0000	7000.0000	0.0000	-1.7764	14.0141	-0.0000	28360.7841	-3.6597	0.0000	-13.4792	0.0000	0.0000	0.0000
3.4000	636.0890	36.6102	1229.0920	1179.6451	0.0000	-0.4465	920.2005	28806.5000	8000.0000	0.0000	31636.0000	7000.0000	0.0000	-2.8760	13.9690	-0.0000	28271.6473	-6.1366	0.0000	-14.6207	0.0000	0.0000	0.0000
3.5000	642.7831	34.1342	1275.9247	1223.1366	0.0000	-0.4141	918.5127	28771.5000	8000.0000	0.0000	31596.0000	7000.0000	0.0000	-3.8704	13.9234	-0.0000	28181.8161	-8.4017	0.0000	-15.9447	0.0000	0.0000	0.0000
3.6000	649.2595	31.8476	1323.4338	1266.8667	0.0000	-0.3809	916.8286	28736.5000	8000.0000	0.0000	31556.0000	7000.0000	0.0000	-4.7713	13.8773	-0.0000	28091.2895	-10.4350	0.0000	-17.1961	0.0000	0.0000	0.0000
3.7000	655.5552	29.7480	1371.6391	1310.7835	0.0000	-0.3491	915.1483	28701.5000	8000.0000	0.0000	31516.0000	7000.0000	0.0000	-5.5668	13.8309	-0.0000	28000.0612	-12.2428	0.0000	-18.3035	0.0000	0.0000	0.0000
3.8000	661.6674	27.8257	1420.5570	1354.8390	0.0000	-0.3193	913.4717	28666.5000	8000.0000	0.0000	31476.0000	7000.0000	0.0000	-6.2641	13.7843	-0.0000	27908.1265	-13.8396	0.0000	-19.2554	0.0000	0.0000	0.0000
3.9000	667.5989	26.0691	1470.2000	1398.9885	0.0000	-0.2915	911.7988	28631.5000	8000.0000	0.0000	31436.0000	7000.0000	0.0000	-6.8717	13.7375	-0.0000	27815.4838	-15.2419	0.0000	-20.0586	0.0000	0.0000	0.0000
4.0000	673.3562	24.4665	1520.5774	1443.1907	0.0000	-0.2657	910.1298	28596.5000	8000.0000	0.0000	31396.0000	7000.0000	0.0000	-7.3980	13.6906	-0.0000	27722.1337	-16.4658	0.0000	-20.7251	0.0000	0.0000	0.0000
4.1000	678.9488	23.0064	1571.6954	1487.4077	0.0000	-0.2419	908.4644	28561.5000	8000.0000	0.0000	31356.0000	7000.0000	0.0000	-7.8507	13.6437	-0.0000	27628.0786	-17.5264	0.0000	-21.2677	0.0000	0.0000	0.0000
4.2000	684.3879	21.6781	1623.5583	1531.6050	0.0000	-0.2199	906.8028	28526.5000	8000.0000	0.0000	31316.0000	7000.0000	0.0000	-8.2373	13.5969	-0.0000	27533.3223	-18.4381	0.0000	-21.6985	0.0000	0.0000	0.0000
4.3000	689.6859	20.4713	1676.1684	1575.7510	0.0000	-0.1996	905.1450	28491.5000	8000.0000	0.0000	31276.0000	7000.0000	0.0000	-8.5646	13.5503	-0.0000	27437.8696	-19.2140	0.0000	-22.0286	0.0000	0.0000	0.0000
4.4000	694.8557	19.3764	1729.5264	1619.8174	0.0000	-0.1810	903.4909	28456.5000	8000.0000	0.0000	31236.0000	7000.0000	0.0000	-8.8385	13.5039	-0.0000	27341.7260	-19.8665	0.0000	-22.2683	0.0000	0.0000	0.0000
4.5000	699.9106	18.3845	1783.6319	1663.7787	0.0000	-0.1638	901.8406	28421.5000	8000.0000	0.0000	31196.0000	7000.0000	0.0000	-9.0646	13.4577	-0.0000	27244.8972	-20.4070	0.0000	-22.4269	0.0000	0.0000	0.0000
4.6000	704.8633	17.4871	1838.4836	1707.6121	0.0000	-0.1481	900.1940	28386.5000	8000.0000	0.0000	31156.0000	7000.0000	0.0000	-9.2477	13.4118	-0.0000	27147.3894	-20.8458	0.0000	-22.5328	0.0000	0.0000	0.0000
4.7000	709.7265	16.6765	1894.0795	1751.2973	0.0000	-0.1336	898.5511	28351.5000	8000.0000	0.0000	31116.0000	7000.0000	0.0000	-9.3922	13.3662	-0.0000	27049.2088	-21.1926	0.0000	-22.5835	0.0000	0.0000	0.0000
4.8000	714.5119	15.9454	1950.4167	1794.8163	0.0000	-0.1204	896.9121	28316.5000	8000.0000	0.0000	31076.0000	7000.0000	0.0000	-9.5024	13.3210	-0.0000	26950.3616	-21.4563	0.0000	-22.5759	0.0000	0.0000	0.0000
4.9000	719.2305	15.2870	2007.4922	1838.1532	0.0000	-0.1083	895.2767	28281.5000	8000.0000	0.0000	31036.0000	7000.0000	0.0000	-9.5817	13.2762	-0.0000	26850.8538	-21.6451	0.0000	-22.5164	0.0000	0.0000	0.0000
5.0000	723.8928	14.6952	2065.3024	1881.2943	0.0000	-0.0973	893.6451	28246.5000	8000.0000	0.0000	30996.0000	7000.0000	0.0000	-9.6335	13.2318	-0.0000	26750.6916	-21.7664	0.0000	-22.4105	0.0000	0.0000	0.0000
5.1000	728.5079	14.1640	2123.8438	1924.2275	0.0000	-0.0873	892.0173	28211.5000	8000.0000	0.0000	30956.0000	7000.0000	0.0000	-9.6606	13.1879	-0.0000	26649.8805	-21.8272	0.0000	-22.2634	0.0000	0.0000	0.0000
5.2000	733.0845	13.6881	2183.1122	1966.9423	0.0000	-0.0781	890.3932	28176.5000	8000.0000	0.0000	30916.0000	7000.0000	0.0000	-9.6656	13.1445	-0.0000	26548.4262	-21.8339	0.0000	-22.0801	0.0000	0.0000	0.0000
5.3000	737.6302	13.2626	2243.1036	2009.4298	0.0000	-0.0697	888.7729	28141.5000	8000.0000	0.0000	30876.0000	7000.0000	0.0000	-9.6510	13.1016	-0.0000	26446.3340	-21.7922	0.0000	-21.8646	0.0000	0.0000	0.0000
5.4000	742.1519	12.8829	2303.8140	2051.6825	0.0000	-0.0621	887.1563	28106.5000	8000.0000	0.0000	30836.0000	7000.0000	0.0000	-9.6188	13.0592	-0.0000	26343.6089	-21.7075	0.0000	-21.6212	0.0000	0.0000	0.0000
5.5000	746.6555	12.5450	2365.2390	2093.6941	0.0000	-0.0552	885.5434	28071.5000	8000.0000	0.0000	30796.0000	7000.0000	0.0000	-9.5710	13.0173	-0.0000	26240.2558	-21.5845	0.0000	-21.3532	0.0000	0.0000	0.0000
5.6000	751.1465	12.2449	2427.3745	2135.4593	0.0000	-0.0490	883.9344	28036.5000	8000.0000	0.0000	30756.0000	7000.0000	0.0000	-9.5093	12.9760	-0.0000	26136.2793	-21.4276	0.0000	-21.0641	0.0000	0.0000	0.0000
5.7000	755.6293	11.9793	2490.2161	2176.9739	0.0000	-0.0433	882.3290	28001.5000	8000.0000	0.0000	30716.0000	7000.0000	0.0000	-9.4352	12.9352	-0.0000	26031.6839	-21.2409	0.0000	-20.7566	0.0000	0.0000	0.0000
5.8000	760.1079	11.7449	2553.7596	2218.2347	0.0000	-0.0381	880.7274	27966.5000	8000.0000	0.0000	30676.0000	7000.0000	0.0000	-9.3502	12.8950	-0.0000	25926.4738	-21.0280	0.0000	-20.4336	0.0000	0.0000	0.0000
5.9000	764.5856	11.5388	2618.0007	2259.2392	0.0000	-0.0334	879.1296	27931.5000	8000.0000	0.0000	30636.0000	7000.0000	0.0000	-9.2556	12.8554	-0.0000	25820.6530	-20.7921	0.0000	-20.0979	0.0000	0.0000	0.0000
6.0000	769.0652	11.3584	2682.9351	2299.9855	0.0000	-0.0292	877.5355	27896.5000	8000.0000	0.0000	30596.0000	7000.0000	0.0000	-9.1527	12.8163	-0.0000	25714.2254	-20.5363	0.0000	-19.7517	0.0000	0.0000	0.0000
6.1000	773.5490	11.2010	2748.5585	2340.4728	0.0000	-0.0254	875.9452	27861.5000	8000.0000	0.0000	30556.0000	7000.0000	0.0000	-9.0424	12.7778	-0.0000	25607.1947	-20.2633	0.0000	-19.3962	0.0000	0.0000	0.0000
6.2000	778.0388	11.0647	2814.8669	2380.7002	0.0000	-0.0219	874.3586	27826.5000	8000.0000	0.0000	30516.0000	7000.0000	0.0000	-8.9256	12.7399	-0.0000	25499.5646	-19.9757	0.0000	-19.0333	0.0000	0.0000	0.0000
6.3000	782.5360	10.9473	2881.8558	2420.6680	0.0000	-0.0188	872.7757	27791.5000	8000.0000	0.0000	30476.0000	7000.0000	0.0000	-8.8032	12.7026	-0.0000	25391.3385	-19.6755	0.0000	-18.6647	0.0000	0.0000	0.0000
6.4000	787.0418	10.8470	2949.5211	2460.3766	0.0000	-0.0160	871.1967	27756.5000	8000.0000	0.0000	30436.0000	7000.0000	0.0000	-8.6759	12.6659	-0.0000	25282.5197	-19.3648	0.0000	-18.2918	0.0000	0.0000	0.0000
6.5000	791.5571	10.7624	3017.8586	2499.8268	0.0000	-0.0134	869.6213	27721.5000	8000.0000	0.0000	30396.0000	7000.0000	0.0000	-8.5444	12.6298	-0.0000	25173.1116	-19.0452	0.0000	-17.9159	0.0000	0.0000	0.0000
6.6000	796.0822	10.6918	3086.8641	2539.0200	0.0000	-0.0111	868.0497	27686.5000	8000.0000	0.0000	30356.0000	7000.0000	0.0000	-8.4094	12.5942	-0.0000	25063.1173	-18.7185	0.0000	-17.5382	0.0000	0.0000	0.0000
6.7000	800.6175	10.6340	3156.5334	2577.9577	0.0000	-0.0089	866.4819	27651.5000	8000.0000	0.0000	30316.0000	7000.0000	0.0000	-8.2714	12.5593	-0.0000	24952.5399	-18.3859	0.0000	-17.1596	0.0000	0.0000	0.0000
6.8000	805.1631	10.5877	3226.8625	2616.6419	0.0000	-0.0070	864.9178	27616.5000	8000.0000	0.0000	30276.0000	7000.0000	0.0000	-8.1310	12.5249	-0.0000	24841.3825	-18.0487	0.0000	-16.7809	0.0000	0.0000	0.0000
6.9000	809.7189	10.5520	3297.8471	2655.0747	0.0000	-0.0053	863.3575	27581.5000	8000.0000	0.0000	30236.0000	7000.0000	0.0000	-7.9886	12.4912	-0.0000	24729.6481	-17.7081	0.0000	-16.4031	0.0000	0.0000	0.0000
7.0000	814.2846	10.5257	3369.4831	2693.2586	0.0000	-0.0037	861.8009	27546.5000	8000.0000	0.0000	30196.0000	7000.0000	0.0000	-7.8446	12.4580	-0.0000	24617.3397	-17.3650	0.0000	-16.0268	0.0000	0.0000	0.0000
7.1000	818.8598	10.5081	3441.7664	2731.1961	0.0000	-0.0023	860.2480	27511.5000	8000.0000	0.0000	30156.0000	7000.0000	0.0000	-7.6994	12.4254	-0.0000	24504.4601	-17.0204	0.0000	-15.6525	0.0000	0.0000	0.0000
7.2000	823.4441	10.4983	3514.6929	2768.8901	0.0000	-0.0010	858.6990	27476.5000	8000.0000	0.0000	30116.0000	7000.0000	0.0000	-7.5533	12.3934	-0.0000	24391.0123	-16.6751	0.0000	-15.2809	0.0000	0.0000	0.0000
7.3000	828.0369	10.4956	3588.2584	2806.3436	0.0000	0.0002	857.1536	27441.5000	8000.0000	0.0000	30076.0000	7000.0000	0.0000	-7.4057	12.3620	-0.0000	24276.9990	-16.3297	0.0000	-14.8932	0.0000	0.0000	0.0000
7.4000	832.6378	10.4993	3662.4589	2843.5597	0.0000	0.0012	855.6120	27406.5000	8000.0000	0.0000	30036.0000	7000.0000	0.0000	-7.2577	12.3311	-0.0000	24162.4232	-15.9850	0.0000	-14.5063	0.0000	0.0000	0.0000
7.5000	837.2460	10.5088	3737.2903	2880.5418	0.0000	0.0022	854.0742	27371.5000	8000.0000	0.0000	29996.0000	7000.0000	0.0000	-7.1097	12.3008	-0.0000	24047.2876	-15.6414	0.0000	-14.1244	0.0000	0.0000	0.0000
7.6000	841.8607	10.5236	3812.7484	2917.2933	0.0000	0.0031	852.5401	27336.5000	8000.0000	0.0000	29956.0000	7000.0000	0.0000	-6.9620	12.2711	-0.0000	23931.5950	-15.2996	0.0000	-13.7476	0.0000	0.0000	0.0000
7.7000	846.4811	10.5433	3888.8291	2953.8177	0.0000	0.0039	851.0098	27301.5000	8000.0000	0.0000	29916.0000	7000.0000	0.0000	-6.8147	12.2420	-0.0000	23815.3483	-14.9599	0.0000	-13.3763	0.0000	0.0000	0.0000
7.8000	851.1061	10.5673	3965.5285	2990.1188	0.0000	0.0046	849.4832	27266.5000	8000.0000	0.0000	29876.0000	7000.0000	0.0000	-6.6680	12.2134	-0.0000	23698.5501	-14.6226	0.0000	-13.0106	0.0000	0.0000	0.0000
7.9000	855.7351	10.5952	4042.8424	3026.2001	0.0000	0.0052	847.9603	27231.5000	8000.0000	0.0000	29836.0000	7000.0000	0.0000	-6.5220	12.1853	-0.0000	23581.2033	-14.2882	0.0000	-12.6507	0.0000	0.0000	0.0000
8.0000	860.3670	10.6267	4120.7667	3062.0654	0.0000	0.0058	846.4413	27196.5000	8000.0000	0.0000	29796.0000	7000.0000	0.0000	-6.3770	12.1579	-0.0000	23463.3105	-13.9569	0.0000	-12.2968	0.0000	0.0000	0.0000
8.1000	865.0009	10.6615	4199.2974	3097.7185	0.0000	0.0064	844.9259	27161.5000	8000.0000	0.0000	29756.0000	7000.0000	0.0000	-6.2330	12.1309	-0.0000	23344.8747	-13.6289	0.0000	-11.9490	0.0000	0.0000	0.0000
8.2000	869.6359	10.6992	4278.4305	3133.1632	0.0000	0.0069	843.4143	27126.5000	8000.0000	0.0000	29716.0000	7000.0000	0.0000	-6.0902	12.1045	-0.0000	23225.8984	-13.3044	0.0000	-11.6073	0.0000	0.0000	0.0000
8.3000	874.2712	10.7397	4358.1620	3168.4034	0.0000	0.0073	841.9065	27091.5000	8000.0000	0.0000	29676.0000	7000.0000	0.0000	-5.9486	12.0787	-0.0000	23106.3846	-12.9837	0.0000	-11.2719	0.0000	0.0000	0.0000
8.4000	878.9057	10.7826	4438.4877	3203.4429	0.0000	0.0077	840.4024	27056.5000	8000.0000	0.0000	29636.0000	7000.0000	0.0000	-5.8083	12.0533	-0.0000	22986.3358	-12.6668	0.0000	-10.9427	0.0000	0.0000	0.0000
8.5000	883.5388	10.8277	4519.4038	3238.2857	0.0000	0.0081	838.9021	27021.5000	8000.0000	0.0000	29596.0000	7000.0000	0.0000	-5.6694	12.0285	-0.0000	22865.7549	-12.3538	0.0000	-10.6198	0.0000	0.0000	0.0000
8.6000	888.1694	10.8749	4600.9063	3272.9356	0.0000	0.0084	837.4055	26986.5000	8000.0000	0.0000	29556.0000	7000.0000	0.0000	-5.5319	12.0042	-0.0000	22744.6447	-12.0450	0.0000	-10.3031	0.0000	0.0000	0.0000
8.7000	892.7967	10.9239	4682.9911	3307.3966	0.0000	0.0087	835.9126	26951.5000	8000.0000	0.0000	29516.0000	7000.0000	0.0000	-5.3960	11.9805	-0.0000	22623.0078	-11.7403	0.0000	-9.9927	0.0000	0.0000	0.0000
8.8000	897.4200	10.9747	4765.6543	3341.6726	0.0000	0.0090	834.4236	26916.5000	8000.0000	0.0000	29476.0000	7000.0000	0.0000	-5.2616	11.9572	-0.0000	22500.8470	-11.4397	0.0000	-9.6886	0.0000	0.0000	0.0000
8.9000	902.0384	11.0270	4848.8919	3375.7674	0.0000	0.0093	832.9382	26881.5000	8000.0000	0.0000	29436.0000	7000.0000	0.0000	-5.1288	11.9344	-0.0000	22378.1650	-11.1435	0.0000	-9.3906	0.0000	0.0000	0.0000
9.0000	906.6512	11.0807	4932.7001	3409.6851	0.0000	0.0095	831.4566	26846.5000	8000.0000	0.0000	29396.0000	7000.0000	0.0000	-4.9976	11.9122	-0.0000	22254.9647	-10.8514	0.0000	-9.0989	0.0000	0.0000	0.0000
9.1000	911.2576	11.1358	5017.0750	3443.4294	0.0000	0.0097	829.9788	26811.5000	8000.0000	0.0000	29356.0000	7000.0000	0.0000	-4.8680	11.8904	-0.0000	22131.2486	-10.5637	0.0000	-8.8132	0.0000	0.0000	0.0000
9.2000	915.8569	11.1920	5102.0125	3477.0044	0.0000	0.0099	828.5047	26776.5000	8000.0000	0.0000	29316.0000	7000.0000	0.0000	-4.7402	11.8692	-0.0000	22007.0197	-10.2803	0.0000	-8.5335	0.0000	0.0000	0.0000
9.3000	920.4484	11.2494	5187.5090	3510.4138	0.0000	0.0101	827.0344	26741.5000	8000.0000	0.0000	29276.0000	7000.0000	0.0000	-4.6140	11.8484	-0.0000	21882.2805	-10.0012	0.0000	-8.2598	0.0000	0.0000	0.0000
9.4000	925.0315	11.3077	5273.5604	3543.6616	0.0000	0.0103	825.5678	26706.5000	8000.0000	0.0000	29236.0000	7000.0000	0.0000	-4.4895	11.8281	-0.0000	21757.0339	-9.7263	0.0000	-7.9920	0.0000	0.0000	0.0000
9.5000	929.6055	11.3669	5360.1630	3576.7515	0.0000	0.0104	824.1049	26671.5000	8000.0000	0.0000	29196.0000	7000.0000	0.0000	-4.3667	11.8082	-0.0000	21631.2825	-9.4557	0.0000	-7.7300	0.0000	0.0000	0.0000
9.6000	934.1698	11.4270	5447.3130	3609.6875	0.0000	0.0106	822.6459	26636.5000	8000.0000	0.0000	29156.0000	7000.0000	0.0000	-4.2455	11.7889	-0.0000	21505.0290	-9.1894	0.0000	-7.4738	0.0000	0.0000	0.0000
9.7000	938.7238	11.4879	5535.0065	3642.4733	0.0000	0.0107	821.1905	26601.5000	8000.0000	0.0000	29116.0000	7000.0000	0.0000	-4.1262	11.7700	-0.0000	21378.2763	-8.9273	0.0000	-7.2232	0.0000	0.0000	0.0000
9.8000	943.2671	11.5494	5623.2399	3675.1127	0.0000	0.0108	819.7389	26566.5000	8000.0000	0.0000	29076.0000	7000.0000	0.0000	-4.0085	11.7515	-0.0000	21251.0269	-8.6693	0.0000	-6.9781	0.0000	0.0000	0.0000
9.9000	947.7990	11.6116	5712.0093	3707.6095	0.0000	0.0109	818.2911	26531.5000	8000.0000	0.0000	29036.0000	7000.0000	0.0000	-3.8925	11.7335	-0.0000	21123.2836	-8.4155	0.0000	-6.7386	0.0000	0.0000	0.0000
10.0000	952.3190	11.6744	5801.3111	3739.9674	0.0000	0.0110	816.8470	26496.5000	8000.0000	0.0000	28996.0000	7000.0000	0.0000	-3.7782	11.7160	-0.0000	20995.0491	-8.1659	0.0000	-6.5044	0.0000	0.0000	0.0000
10.1000	956.8286	11.7377	5891.1415	3772.1901	0.0000	0.0111	815.4067	26461.5000	8000.0000	0.0000	28956.0000	7000.0000	0.0000	-3.6668	11.6989	-0.0000	20866.3261	-7.9202	0.0000	-6.2755	0.0000	0.0000	0.0000
10.2000	961.3458	11.8015	5981.4979	3804.2815	0.0000	0.0112	813.9701	26426.5000	8000.0000	0.0000	28916.0000	7000.0000	0.0000	-3.5593	11.6822	-0.0000	20737.1164	-7.6784	0.0000	-6.0516	0.0000	0.0000	0.0000
10.3000	965.8750	11.8658	6072.3788	3836.2457	0.0000	0.0112	812.5372	26391.5000	8000.0000	0.0000	28876.0000	7000.0000	0.0000	-3.4531	11.6660	-0.0000	20607.4203	-7.4404	0.0000	-5.8326	0.0000	0.0000	0.0000
10.4000	970.4154	11.9304	6163.7833	3868.0869	0.0000	0.0113	811.1082	26356.5000	8000.0000	0.0000	28836.0000	7000.0000	0.0000	-3.3484	11.6502	-0.0000	20477.2381	-7.2062	0.0000	-5.6183	0.0000	0.0000	0.0000
10.5000	974.9661	11.9953	6255.7100	3899.8092	0.0000	0.0114	809.6828	26321.5000	8000.0000	0.0000	28796.0000	7000.0000	0.0000	-3.2450	11.6348	-0.0000	20346.5698	-6.9757	0.0000	-5.4089	0.0000	0.0000	0.0000
10.6000	979.5148	12.0603	6348.1575	3931.4164	0.0000	0.0113	808.2612	26286.5000	8000.0000	0.0000	28756.0000	7000.0000	0.0000	-3.1448	11.6199	-0.0000	20215.4159	-6.7491	0.0000	-5.2325	0.0000	0.0000	0.0000
10.7000	984.0467	12.1247	6441.1227	3962.9120	0.0000	0.0111	806.8434	26251.5000	8000.0000	0.0000	28716.0000	7000.0000	0.0000	-3.0465	11.6053	-0.0000	20083.7785	-6.5269	0.0000	-5.0592	0.0000	0.0000	0.0000
10.8000	988.5612	12.1880	6534.6021	3994.2988	0.0000	0.0110	805.4293	26216.5000	8000.0000	0.0000	28676.0000	7000.0000	0.0000	-2.9498	11.5912	-0.0000	19951.6603	-6.3094	0.0000	-4.8880	0.0000	0.0000	0.0000
10.9000	993.0575	12.2505	6628.5920	4025.5799	0.0000	0.0108	804.0190	26181.5000	8000.0000	0.0000	28636.0000	7000.0000	0.0000	-2.8549	11.5775	-0.0000	19819.0641	-6.0965	0.0000	-4.7196	0.0000	0.0000	0.0000
11.0000	997.5351	12.3125	6723.0888	4056.7580	0.0000	0.0108	802.6124	26146.5000	8000.0000	0.0000	28596.0000	7000.0000	0.0000	-2.7615	11.5642	-0.0000	19685.9928	-5.8877	0.0000	-4.5539	0.0000	0.0000	0.0000
11.1000	1001.9933	12.3741	6818.0888	4087.8362	0.0000	0.0107	801.2095	26111.5000	8000.0000	0.0000	28556.0000	7000.0000	0.0000	-2.6695	11.5512	-0.0000	19552.4492	-5.6828	0.0000	-4.3910	0.0000	0.0000	0.0000
11.2000	1006.4317	12.4356	6913.5884	4118.8172	0.0000	0.0107	799.8105	26076.5000	8000.0000	0.0000	28516.0000	7000.0000	0.0000	-2.5788	11.5387	-0.0000	19418.4363	-5.4815	0.0000	-4.2307	0.0000	0.0000	0.0000
11.3000	1010.8498	12.4972	7009.5840	4149.7039	0.0000	0.0108	798.4151	26041.5000	8000.0000	0.0000	28476.0000	7000.0000	0.0000	-2.4894	11.5266	-0.0000	19283.9569	-5.2835	0.0000	-4.0728	0.0000	0.0000	0.0000
11.4000	1015.2472	12.5591	7106.0718	4180.4991	0.0000	0.0108	797.0235	26006.5000	8000.0000	0.0000	28436.0000	7000.0000	0.0000	-2.4011	11.5149	-0.0000	19149.0140	-5.0886	0.0000	-3.9172	0.0000	0.0000	0.0000
11.5000	1019.6231	12.6214	7203.0483	4211.2057	0.0000	0.0109	795.6357	25971.5000	8000.0000	0.0000	28396.0000	7000.0000	0.0000	-2.3136	11.5036	-0.0000	19013.6105	-4.8966	0.0000	-3.7637	0.0000	0.0000	0.0000
11.6000	1023.9754	12.6842	7300.5095	4241.8264	0.0000	0.0110	794.2516	25936.5000	8000.0000	0.0000	28356.0000	7000.0000	0.0000	-2.2271	11.4926	-0.0000	18877.7494	-4.7073	0.0000	-3.6124	0.0000	0.0000	0.0000
11.7000	1028.3037	12.7477	7398.4517	4272.3640	0.0000	0.0111	792.8713	25901.5000	8000.0000	0.0000	28316.0000	7000.0000	0.0000	-2.1415	11.4820	-0.0000	18741.4339	-4.5206	0.0000	-3.4630	0.0000	0.0000	0.0000
11.8000	1032.6076	12.8118	7496.8710	4302.8212	0.0000	0.0113	791.4947	25866.5000	8000.0000	0.0000	28276.0000	7000.0000	0.0000	-2.0568	11.4719	-0.0000	18604.6672	-4.3363	0.0000	-3.3155	0.0000	0.0000	0.0000
11.9000	1036.8869	12.8767	7595.7634	4333.2008	0.0000	0.0114	790.1218	25831.5000	8000.0000	0.0000	28236.0000	7000.0000	0.0000	-1.9729	11.4621	-0.0000	18467.4525	-4.1543	0.0000	-3.1699	0.0000	0.0000	0.0000
12.0000	1041.1415	12.9424	7695.1251	4363.5056	0.0000	0.0115	788.7528	25796.5000	8000.0000	0.0000	28196.0000	7000.0000	0.0000	-1.8898	11.4526	-0.0000	18329.7930	-3.9746	0.0000	-3.0261	0.0000	0.0000	0.0000
12.1000	1045.3711	13.0089	7794.9522	4393.7383	0.0000	0.0117	787.3874	25761.5000	8000.0000	0.0000	28156.0000	7000.0000	0.0000	-1.8075	11.4436	-0.0000	18191.6917	-3.7971	0.0000	-2.8840	0.0000	0.0000	0.0000
12.2000	1049.5756	13.0762	7895.2408	4423.9018	0.0000	0.0118	786.0258	25726.5000	8000.0000	0.0000	28116.0000	7000.0000	0.0000	-1.7260	11.4349	-0.0000	18053.1520	-3.6217	0.0000	-2.7436	0.0000	0.0000	0.0000
12.3000	1053.7549	13.1445	7995.9871	4453.9988	0.0000	0.0120	784.6680	25691.5000	8000.0000	0.0000	28076.0000	7000.0000	0.0000	-1.6452	11.4266	-0.0000	17914.1769	-3.4484	0.0000	-2.6049	0.0000	0.0000	0.0000
12.4000	1057.9087	13.2135	8097.1872	4484.0322	0.0000	0.0121	783.3139	25656.5000	8000.0000	0.0000	28036.0000	7000.0000	0.0000	-1.5652	11.4186	-0.0000	17774.7696	-3.2770	0.0000	-2.4679	0.0000	0.0000	0.0000
12.5000	1062.0369	13.2835	8198.8373	4514.0046	0.0000	0.0123	781.9636	25621.5000	8000.0000	0.0000	27996.0000	7000.0000	0.0000	-1.4858	11.4110	-0.0000	17634.9333	-3.1077	0.0000	-2.3325	0.0000	0.0000	0.0000
12.6000	1066.1470	13.3542	8300.9337	4543.9191	0.0000	0.0124	780.6170	25586.5000	8000.0000	0.0000	27956.0000	7000.0000	0.0000	-1.4080	11.4037	-0.0000	17494.6711	-2.9403	0.0000	-2.1988	0.0000	0.0000	0.0000
12.7000	1070.2461	13.4258	8403.4739	4573.7786	0.0000	0.0126	779.2741	25551.5000	8000.0000	0.0000	27916.0000	7000.0000	0.0000	-1.3308	11.3968	-0.0000	17353.9848	-2.7748	0.0000	-2.0667	0.0000	0.0000	0.0000
12.8000	1074.3339	13.4982	8506.4554	4603.5864	0.0000	0.0127	777.9351	25516.5000	8000.0000	0.0000	27876.0000	7000.0000	0.0000	-1.2542	11.3903	-0.0000	17212.8761	-2.6113	0.0000	-1.9362	0.0000	0.0000	0.0000
12.9000	1078.4103	13.5712	8609.8758	4633.3456	0.0000	0.0128	776.5997	25481.5000	8000.0000	0.0000	27836.0000	7000.0000	0.0000	-1.1783	11.3841	-0.0000	17071.3468	-2.4496	0.0000	-1.8074	0.0000	0.0000	0.0000
13.0000	1082.4748	13.6450	8713.7329	4663.0594	0.0000	0.0129	775.2681	25446.5000	8000.0000	0.0000	27796.0000	7000.0000	0.0000	-1.1030	11.3782	-0.0000	16929.3985	-2.2899	0.0000	-1.6802	0.0000	0.0000	0.0000
13.1000	1086.5272	13.7194	8818.0240	4692.7309	0.0000	0.0130	773.9403	25411.5000	8000.0000	0.0000	27756.0000	7000.0000	0.0000	-1.0284	11.3727	-0.0000	16787.0329	-2.1322	0.0000	-1.5546	0.0000	0.0000	0.0000
13.2000	1090.5668	13.7944	8922.7470	4722.3633	0.0000	0.0131	772.6162	25376.5000	8000.0000	0.0000	27716.0000	7000.0000	0.0000	-0.9544	11.3675	-0.0000	16644.2518	-1.9764	0.0000	-1.4308	0.0000	0.0000	0.0000
13.3000	1094.5774	13.8699	9027.8987	4751.9596	0.0000	0.0132	771.2959	25341.5000	8000.0000	0.0000	27676.0000	7000.0000	0.0000	-0.8805	11.3626	-0.0000	16501.0572	-1.8226	0.0000	-1.3085	0.0000	0.0000	0.0000
13.4000	1098.5513	13.9460	9133.4746	4781.5225	0.0000	0.0133	769.9793	25306.5000	8000.0000	0.0000	27636.0000	7000.0000	0.0000	-0.8074	11.3581	-0.0000	16357.4529	-1.6708	0.0000	-1.1878	0.0000	0.0000	0.0000
13.5000	1102.4887	14.0225	9239.4700	4811.0545	0.0000	0.0134	768.6664	25271.5000	8000.0000	0.0000	27596.0000	7000.0000	0.0000	-0.7351	11.3538	-0.0000	16213.4431	-1.5211	0.0000	-1.0688	0.0000	0.0000	0.0000
13.6000	1106.3894	14.0995	9345.8803	4840.5582	0.0000	0.0135	767.3574	25236.5000	8000.0000	0.0000	27556.0000	7000.0000	0.0000	-0.6638	11.3499	-0.0000	16069.0319	-1.3733	0.0000	-0.9515	0.0000	0.0000	0.0000
13.7000	1110.2537	14.1769	9452.7007	4870.0362	0.0000	0.0136	766.0520	25201.5000	8000.0000	0.0000	27516.0000	7000.0000	0.0000	-0.5932	11.3463	-0.0000	15924.2233	-1.2276	0.0000	-0.8358	0.0000	0.0000	0.0000
13.8000	1114.0815	14.2547	9559.9266	4899.4910	0.0000	0.0136	764.7504	25166.5000	8000.0000	0.0000	27476.0000	7000.0000	0.0000	-0.5236	11.3430	-0.0000	15779.0213	-1.0837	0.0000	-0.7217	0.0000	0.0000	0.0000
13.9000	1117.8729	14.3329	9667.5533	4928.9251	0.0000	0.0137	763.4526	25131.5000	8000.0000	0.0000	27436.0000	7000.0000	0.0000	-0.4548	11.3400	-0.0000	15633.4300	-0.9419	0.0000	-0.6096	0.0000	0.0000	0.0000
14.0000	1121.6280	14.4115	9775.5764	4958.3411	0.0000	0.0137	762.1585	25096.5000	8000.0000	0.0000	27396.0000	7000.0000	0.0000	-0.3870	11.3373	-0.0000	15487.4534	-0.8019	0.0000	-0.4994	0.0000	0.0000	0.0000
14.1000	1125.3469	14.4904	9883.9910	4987.7415	0.0000	0.0138	760.8682	25061.5000	8000.0000	0.0000	27356.0000	7000.0000	0.0000	-0.3200	11.3349	-0.0000	15341.0954	-0.6639	0.0000	-0.3906	0.0000	0.0000	0.0000
14.2000	1129.0297	14.5697	9992.7929	5017.1288	0.0000	0.0139	759.5816	25026.5000	8000.0000	0.0000	27316.0000	7000.0000	0.0000	-0.2537	11.3328	-0.0000	15194.3601	-0.5276	0.0000	-0.2829	0.0000	0.0000	0.0000
14.3000	1132.6765	14.6494	10101.9773	5046.5054	0.0000	0.0139	758.2987	24991.5000	8000.0000	0.0000	27276.0000	7000.0000	0.0000	-0.1882	11.3310	-0.0000	15047.2513	-0.3933	0.0000	-0.1764	0.0000	0.0000	0.0000
14.4000	1136.2873	14.7293	10211.5399	5075.8739	0.0000	0.0140	757.0197	24956.5000	8000.0000	0.0000	27236.0000	7000.0000	0.0000	-0.1236	11.3295	-0.0000	14899.7730	-0.2608	0.0000	-0.0711	0.0000	0.0000	0.0000
14.5000	1139.8624	14.8094	10321.4761	5105.2368	0.0000	0.0140	755.7443	24921.5000	8000.0000	0.0000	27196.0000	7000.0000	0.0000	-0.0598	11.3282	-0.0000	14751.9291	-0.1301	0.0000	0.0329	0.0000	0.0000	0.0000
14.6000	1143.4018	14.8897	10431.7815	5134.5964	0.0000	0.0140	754.4727	24886.5000	8000.0000	0.0000	27156.0000	7000.0000	0.0000	0.0032	11.3272	-0.0000	14603.7234	-0.0014	0.0000	0.1357	0.0000	0.0000	0.0000
14.7000	1146.8981	14.9700	10542.4514	5163.9552	0.0000	0.0140	753.2049	24851.5000	8000.0000	0.0000	27116.0000	7000.0000	0.0000	0.0652	11.3265	-0.0000	14455.1600	0.1254	0.0000	0.2359	0.0000	0.0000	0.0000
14.8000	1150.3452	15.0503	10653.4804	5193.3152	0.0000	0.0140	751.9408	24816.5000	8000.0000	0.0000	27076.0000	7000.0000	0.0000	0.1262	11.3260	-0.0000	14306.2438	0.2501	0.0000	0.3346	0.0000	0.0000	0.0000
14.9000	1153.7435	15.1304	10764.8628	5222.6786	0.0000	0.0140	750.6805	24781.5000	8000.0000	0.0000	27036.0000	7000.0000	0.0000	0.1860	11.3258	-0.0000	14156.9799	0.3726	0.0000	0.4313	0.0000	0.0000	0.0000
15.0000	1157.0934	15.2102	10876.5929	5252.0473	0.0000	0.0139	749.4239	24746.5000	8000.0000	0.0000	26996.0000	7000.0000	0.0000	0.2447	11.3259	-0.0000	14007.3735	0.4931	0.0000	0.5262	0.0000	0.0000	0.0000
15.1000	1160.3954	15.2899	10988.6652	5281.4233	0.0000	0.0139	748.1710	24711.5000	8000.0000	0.0000	26956.0000	7000.0000	0.0000	0.3024	11.3262	-0.0000	13857.4296	0.6114	0.0000	0.6191	0.0000	0.0000	0.0000
15.2000	1163.6498	15.3693	11101.0742	5310.8085	0.0000	0.0138	746.9220	24676.5000	8000.0000	0.0000	26916.0000	7000.0000	0.0000	0.3589	11.3267	-0.0000	13707.1533	0.7278	0.0000	0.7101	0.0000	0.0000	0.0000
15.3000	1166.8570	15.4486	11213.8144	5340.2049	0.0000	0.0138	745.6766	24641.5000	8000.0000	0.0000	26876.0000	7000.0000	0.0000	0.4145	11.3275	-0.0000	13556.5495	0.8421	0.0000	0.7992	0.0000	0.0000	0.0000
15.4000	1170.0176	15.5276	11326.8805	5369.6143	0.0000	0.0138	744.4350	24606.5000	8000.0000	0.0000	26836.0000	7000.0000	0.0000	0.4689	11.3285	-0.0000	13405.6231	0.9545	0.0000	0.8866	0.0000	0.0000	0.0000
15.5000	1173.1320	15.6064	11440.2671	5399.0386	0.0000	0.0137	743.1972	24571.5000	8000.0000	0.0000	26796.0000	7000.0000	0.0000	0.5225	11.3298	-0.0000	13254.3791	1.0650	0.0000	0.9732	0.0000	0.0000	0.0000
15.6000	1176.2006	15.6850	11553.9690	5428.4796	0.0000	0.0137	741.9631	24536.5000	8000.0000	0.0000	26756.0000	7000.0000	0.0000	0.5752	11.3313	-0.0000	13102.8222	1.1737	0.0000	1.0588	0.0000	0.0000	0.0000
15.7000	1179.2239	15.7635	11667.9810	5457.9390	0.0000	0.0137	740.7328	24501.5000	8000.0000	0.0000	26716.0000	7000.0000	0.0000	0.6269	11.3330	-0.0000	12950.9571	1.2806	0.0000	1.1429	0.0000	0.0000	0.0000
15.8000	1182.2023	15.8419	11782.2979	5487.4188	0.0000	0.0137	739.5062	24466.5000	8000.0000	0.0000	26676.0000	7000.0000	0.0000	0.6777	11.3350	-0.0000	12798.7887	1.3857	0.0000	1.2255	0.0000	0.0000	0.0000
15.9000	1185.1363	15.9202	11896.9146	5516.9206	0.0000	0.0136	738.2833	24431.5000	8000.0000	0.0000	26636.0000	7000.0000	0.0000	0.7276	11.3371	-0.0000	12646.3215	1.4892	0.0000	1.3067	0.0000	0.0000	0.0000
16.0000	1188.0263	15.9982	12011.8260	5546.4462	0.0000	0.0136	737.0643	24396.5000	8000.0000	0.0000	26596.0000	7000.0000	0.0000	0.7766	11.3395	-0.0000	12493.5602	1.5910	0.0000	1.3865	0.0000	0.0000	0.0000
16.1000	1190.8729	16.0761	12127.0273	5575.9973	0.0000	0.0136	735.8489	24361.5000	8000.0000	0.0000	26556.0000	7000.0000	0.0000	0.8248	11.3421	-0.0000	12340.5092	1.6910	0.0000	1.4650	0.0000	0.0000	0.0000
16.2000	1193.6764	16.1537	12242.5135	5605.5755	0.0000	0.0135	734.6373	24326.5000	8000.0000	0.0000	26516.0000	7000.0000	0.0000	0.8720	11.3449	-0.0000	12187.1732	1.7894	0.0000	1.5420	0.0000	0.0000	0.0000
16.3000	1196.4374	16.2310	12358.2797	5635.1825	0.0000	0.0135	733.4295	24291.5000	8000.0000	0.0000	26476.0000	7000.0000	0.0000	0.9183	11.3478	-0.0000	12033.5566	1.8861	0.0000	1.6177	0.0000	0.0000	0.0000
16.4000	1199.1563	16.3081	12474.3212	5664.8200	0.0000	0.0134	732.2254	24256.5000	8000.0000	0.0000	26436.0000	7000.0000	0.0000	0.9636	11.3510	-0.0000	11879.6636	1.9810	0.0000	1.6920	0.0000	0.0000	0.0000
16.5000	1201.8277	16.3848	12590.6330	5694.4894	0.0000	0.0134	731.0251	24221.5000	8000.0000	0.0000	26396.0000	7000.0000	0.0000	1.0076	11.3544	-0.0000	11725.4989	2.0744	0.0000	1.7650	0.0000	0.0000	0.0000
16.6000	1204.4418	16.4613	12707.2094	5724.1920	0.0000	0.0133	729.8285	24186.5000	8000.0000	0.0000	26356.0000	7000.0000	0.0000	1.0506	11.3579	-0.0000	11571.0677	2.1661	0.0000	1.8368	0.0000	0.0000	0.0000
16.7000	1206.9994	16.5374	12824.0442	5753.9290	0.0000	0.0133	728.6356	24151.5000	8000.0000	0.0000	26316.0000	7000.0000	0.0000	1.0927	11.3617	-0.0000	11416.3759	2.2562	0.0000	1.9075	0.0000	0.0000	0.0000
16.8000	1209.5013	16.6132	12941.1313	5783.7012	0.0000	0.0132	727.4466	24116.5000	8000.0000	0.0000	26276.0000	7000.0000	0.0000	1.1338	11.3656	-0.0000	11261.4293	2.3448	0.0000	1.9770	0.0000	0.0000	0.0000
16.9000	1211.9484	16.6888	13058.4648	5813.5098	0.0000	0.0132	726.2612	24081.5000	8000.0000	0.0000	26236.0000	7000.0000	0.0000	1.1741	11.3697	-0.0000	11106.2335	2.4319	0.0000	2.0453	0.0000	0.0000	0.0000
17.0000	1214.3415	16.7641	13176.0387	5843.3557	0.0000	0.0131	725.0796	24046.5000	8000.0000	0.0000	26196.0000	7000.0000	0.0000	1.2136	11.3740	-0.0000	10950.7940	2.5175	0.0000	2.1125	0.0000	0.0000	0.0000
17.1000	1216.6816	16.8392	13293.8473	5873.2400	0.0000	0.0131	723.9018	24011.5000	8000.0000	0.0000	26156.0000	7000.0000	0.0000	1.2523	11.3784	-0.0000	10795.1164	2.6018	0.0000	2.1787	0.0000	0.0000	0.0000
17.2000	1218.9694	16.9140	13411.8850	5903.1636	0.0000	0.0130	722.7277	23976.5000	8000.0000	0.0000	26116.0000	7000.0000	0.0000	1.2901	11.3830	-0.0000	10639.2061	2.6848	0.0000	2.2438	0.0000	0.0000	0.0000
17.3000	1221.2059	16.9887	13530.1461	5933.1274	0.0000	0.0130	721.5574	23941.5000	8000.0000	0.0000	26076.0000	7000.0000	0.0000	1.3272	11.3878	-0.0000	10483.0683	2.7665	0.0000	2.3079	0.0000	0.0000	0.0000
17.4000	1223.3918	17.0632	13648.6251	5963.1324	0.0000	0.0130	720.3908	23906.5000	8000.0000	0.0000	26036.0000	7000.0000	0.0000	1.3636	11.3928	-0.0000	10326.7084	2.8469	0.0000	2.3710	0.0000	0.0000	0.0000
17.5000	1225.5280	17.1375	13767.3166	5993.1794	0.0000	0.0130	719.2279	23871.5000	8000.0000	0.0000	25996.0000	7000.0000	0.0000	1.3992	11.3979	-0.0000	10170.1313	2.9261	0.0000	2.4332	0.0000	0.0000	0.0000
17.6000	1227.6153	17.2116	13886.2153	6023.2695	0.0000	0.0129	718.0689	23836.5000	8000.0000	0.0000	25956.0000	7000.0000	0.0000	1.4341	11.4031	-0.0000	10013.3423	3.0041	0.0000	2.4945	0.0000	0.0000	0.0000
17.7000	1229.8460	14.6907	14005.3303	6053.3679	0.0000	-0.7997	716.9135	23801.5000	8000.0000	0.0000	25916.0000	7000.0000	0.0000	-0.0224	4.5525	-0.0000	11964.3394	0.9645	0.0000	-14.8479	0.0000	0.0000	0.0000
17.8000	1232.0595	9.5319	14124.6997	6083.4030	0.0000	-0.9554	715.7619	23766.5000	8000.0000	0.0000	25876.0000	7000.0000	0.0000	-2.1706	4.4685	-0.0000	11803.1267	-4.0053	0.0000	-12.0939	0.0000	0.0000	0.0000
17.9000	1233.3088	4.1662	14244.3017	6113.2510	0.0000	-0.8936	714.6141	23731.5000	8000.0000	0.0000	25836.0000	7000.0000	0.0000	-4.4241	4.3831	-0.0000	11641.7154	-9.2614	0.0000	-13.2258	0.0000	0.0000	0.0000
18.0000	1233.9212	-0.6523	14364.0818	6142.7647	0.0000	-0.7725	713.4700	23696.5000	8000.0000	0.0000	25796.0000	7000.0000	0.0000	-6.4348	4.2970	-0.0000	11480.1734	-13.9513	0.0000	-15.2857	0.0000	0.0000	0.0000
18.1000	1233.9917	-4.7462	14484.0129	6171.8173	0.0000	-0.6446	712.3297	23661.5000	8000.0000	0.0000	25756.0000	7000.0000	0.0000	-8.0503	4.2107	-0.0000	11318.5378	-17.8726	0.0000	-17.3177	0.0000	0.0000	0.0000
18.2000	1233.5142	-8.1300	14604.0612	6200.3043	0.0000	-0.5270	711.1931	23626.5000	8000.0000	0.0000	25716.0000	7000.0000	0.0000	-9.2923	4.1249	-0.0000	11156.8480	-21.0400	0.0000	-19.0366	0.0000	0.0000	0.0000
18.3000	1232.5420	-10.8761	14724.1887	6228.1440	0.0000	-0.4238	710.0602	23591.5000	8000.0000	0.0000	25676.0000	7000.0000	0.0000	-10.2193	4.0398	-0.0000	10995.1461	-23.5326	0.0000	-20.3890	0.0000	0.0000	0.0000
18.4000	1231.1582	-13.0688	14844.3588	6255.2751	0.0000	-0.3351	708.9312	23556.5000	8000.0000	0.0000	25636.0000	7000.0000	0.0000	-10.8924	3.9560	-0.0000	10833.4718	-25.4425	0.0000	-21.3960	0.0000	0.0000	0.0000
18.5000	1229.4559	-14.7886	14964.5393	6281.6530	0.0000	-0.2597	707.8058	23521.5000	8000.0000	0.0000	25596.0000	7000.0000	0.0000	-11.3641	3.8736	-0.0000	10671.8585	-26.8568	0.0000	-22.0993	0.0000	0.0000	0.0000
18.6000	1227.5269	-16.1075	15084.7040	6307.2470	0.0000	-0.1960	706.6842	23486.5000	8000.0000	0.0000	25556.0000	7000.0000	0.0000	-11.6766	3.7930	-0.0000	10510.3332	-27.8529	0.0000	-22.5425	0.0000	0.0000	0.0000
18.7000	1225.4552	-17.0879	15204.8329	6332.0373	0.0000	-0.1424	705.5664	23451.5000	8000.0000	0.0000	25516.0000	7000.0000	0.0000	-11.8626	3.7142	-0.0000	10348.9153	-28.4981	0.0000	-22.7658	0.0000	0.0000	0.0000
18.8000	1223.3144	-17.7835	15324.9121	6356.0124	0.0000	-0.0972	704.4523	23416.5000	8000.0000	0.0000	25476.0000	7000.0000	0.0000	-11.9471	3.6375	-0.0000	10187.6176	-28.8497	0.0000	-22.8042	0.0000	0.0000	0.0000
18.9000	1221.1667	-18.2397	15444.9332	6379.1681	0.0000	-0.0593	703.3420	23381.5000	8000.0000	0.0000	25436.0000	7000.0000	0.0000	-11.9495	3.5630	-0.0000	10026.4470	-28.9562	0.0000	-22.6877	0.0000	0.0000	0.0000
19.0000	1219.0632	-18.4949	15564.8925	6401.5054	0.0000	-0.0275	702.2354	23346.5000	8000.0000	0.0000	25396.0000	7000.0000	0.0000	-11.8845	3.4908	-0.0000	9865.4053	-28.8584	0.0000	-22.4417	0.0000	0.0000	0.0000
19.1000	1217.0450	-18.5814	15684.7903	6423.0295	0.0000	-0.0008	701.1325	23311.5000	8000.0000	0.0000	25356.0000	7000.0000	0.0000	-11.7637	3.4210	-0.0000	9704.4899	-28.5907	0.0000	-22.0879	0.0000	0.0000	0.0000
19.2000	1215.1439	-18.5261	15804.6299	6443.7495	0.0000	0.0217	700.0335	23276.5000	8000.0000	0.0000	25316.0000	7000.0000	0.0000	-11.5959	3.3536	-0.0000	9543.6949	-28.1820	0.0000	-21.6443	0.0000	0.0000	0.0000
19.3000	1213.3843	-18.3514	15924.4174	6463.6771	0.0000	0.0406	698.9381	23241.5000	8000.0000	0.0000	25276.0000	7000.0000	0.0000	-11.3886	3.2887	-0.0000	9383.0118	-27.6562	0.0000	-21.1263	0.0000	0.0000	0.0000
19.4000	1211.7835	-18.0763	16044.1608	6482.8262	0.0000	0.0566	697.8465	23206.5000	8000.0000	0.0000	25236.0000	7000.0000	0.0000	-11.1474	3.2264	-0.0000	9222.4300	-27.0334	0.0000	-20.5466	0.0000	0.0000	0.0000
19.5000	1210.3537	-17.7162	16163.8693	6501.2129	0.0000	0.0701	696.7587	23171.5000	8000.0000	0.0000	25196.0000	7000.0000	0.0000	-10.8772	3.1667	-0.0000	9061.9375	-26.3305	0.0000	-19.9159	0.0000	0.0000	0.0000
19.6000	1209.1020	-17.2842	16283.5534	6518.8548	0.0000	0.0816	695.6746	23136.5000	8000.0000	0.0000	25156.0000	7000.0000	0.0000	-10.5820	3.1096	-0.0000	8901.5210	-25.5614	0.0000	-19.2433	0.0000	0.0000	0.0000
19.7000	1208.0320	-16.7910	16403.2241	6535.7708	0.0000	0.0913	694.5943	23101.5000	8000.0000	0.0000	25116.0000	7000.0000	0.0000	-10.2651	3.0552	-0.0000	8741.1670	-24.7380	0.0000	-18.5364	0.0000	0.0000	0.0000
19.8000	1207.1441	-16.2458	16522.8928	6551.9809	0.0000	0.0996	693.5177	23066.5000	8000.0000	0.0000	25076.0000	7000.0000	0.0000	-9.9294	3.0035	-0.0000	8580.8614	-23.8699	0.0000	-17.8016	0.0000	0.0000	0.0000
19.9000	1206.4361	-15.6560	16642.5710	6567.5060	0.0000	0.1068	692.4448	23031.5000	8000.0000	0.0000	25036.0000	7000.0000	0.0000	-9.5775	2.9545	-0.0000	8420.5901	-22.9655	0.0000	-17.0443	0.0000	0.0000	0.0000
20.0000	1205.9038	-15.0280	16762.2699	6582.3680	0.0000	0.1129	691.3758	22996.5000	8000.0000	0.0000	24996.0000	7000.0000	0.0000	-9.2114	2.9082	-0.0000	8260.3393	-22.0316	0.0000	-16.2690	0.0000	0.0000	0.0000
20.1000	1205.5412	-14.3670	16882.0009	6596.5893	0.0000	0.1182	690.3104	22961.5000	8000.0000	0.0000	24956.0000	7000.0000	0.0000	-8.8331	2.8646	-0.0000	8100.0954	-21.0741	0.0000	-15.4797	0.0000	0.0000	0.0000
20.2000	1205.3413	-13.6775	17001.7745	6610.1929	0.0000	0.1228	689.2488	22926.5000	8000.0000	0.0000	24916.0000	7000.0000	0.0000	-8.4444	2.8237	-0.0000	7939.8453	-20.0980	0.0000	-14.6797	0.0000	0.0000	0.0000
20.3000	1205.2958	-12.9634	17121.6011	6623.2023	0.0000	0.1268	688.1910	22891.5000	8000.0000	0.0000	24876.0000	7000.0000	0.0000	-8.0467	2.7856	-0.0000	7779.5765	-19.1075	0.0000	-13.8718	0.0000	0.0000	0.0000
20.4000	1205.3957	-12.2278	17241.4903	6635.6415	0.0000	0.1302	687.1369	22856.5000	8000.0000	0.0000	24836.0000	7000.0000	0.0000	-7.6414	2.7501	-0.0000	7619.2771	-18.1063	0.0000	-13.0586	0.0000	0.0000	0.0000
20.5000	1205.6314	-11.4737	17361.4512	6647.5347	0.0000	0.1332	686.0866	22821.5000	8000.0000	0.0000	24796.0000	7000.0000	0.0000	-7.2299	2.7174	-0.0000	7458.9360	-17.0973	0.0000	-12.2423	0.0000	0.0000	0.0000
20.6000	1205.9930	-10.7034	17481.4921	6658.9065	0.0000	0.1358	685.0400	22786.5000	8000.0000	0.0000	24756.0000	7000.0000	0.0000	-6.8133	2.6874	-0.0000	7298.5428	-16.0834	0.0000	-11.4246	0.0000	0.0000	0.0000
20.7000	1206.4699	-9.9191	17601.6206	6669.7817	0.0000	0.1381	683.9971	22751.5000	8000.0000	0.0000	24716.0000	7000.0000	0.0000	-6.3927	2.6601	-0.0000	7138.0881	-15.0669	0.0000	-10.6073	0.0000	0.0000	0.0000
20.8000	1207.0517	-9.1227	17721.8436	6680.1854	0.0000	0.1400	682.9581	22716.5000	8000.0000	0.0000	24676.0000	7000.0000	0.0000	-5.9692	2.6354	-0.0000	6977.5632	-14.0499	0.0000	-9.7920	0.0000	0.0000	0.0000
20.9000	1207.7276	-8.3160	17842.1670	6690.1425	0.0000	0.1417	681.9227	22681.5000	8000.0000	0.0000	24636.0000	7000.0000	0.0000	-5.5437	2.6134	-0.0000	6816.9602	-13.0343	0.0000	-8.9801	0.0000	0.0000	0.0000
21.0000	1208.4870	-7.5006	17962.5963	6699.6784	0.0000	0.1431	680.8911	22646.5000	8000.0000	0.0000	24596.0000	7000.0000	0.0000	-5.1172	2.5940	-0.0000	6656.2723	-12.0218	0.0000	-8.1727	0.0000	0.0000	0.0000
21.1000	1209.3191	-6.6779	18083.1359	6708.8182	0.0000	0.1442	679.8633	22611.5000	8000.0000	0.0000	24556.0000	7000.0000	0.0000	-4.6906	2.5773	-0.0000	6495.4933	-11.0140	0.0000	-7.3710	0.0000	0.0000	0.0000
21.2000	1210.2134	-5.8494	18203.7892	6717.5874	0.0000	0.1451	678.8392	22576.5000	8000.0000	0.0000	24516.0000	7000.0000	0.0000	-4.2646	2.5630	-0.0000	6334.6182	-10.0123	0.0000	-6.5763	0.0000	0.0000	0.0000
21.3000	1211.1595	-5.0164	18324.5593	6726.0110	0.0000	0.1457	677.8189	22541.5000	8000.0000	0.0000	24476.0000	7000.0000	0.0000	-3.8403	2.5513	-0.0000	6173.6427	-9.0180	0.0000	-5.7894	0.0000	0.0000	0.0000
21.4000	1212.1471	-4.1803	18445.4481	6734.1143	0.0000	0.1462	676.8023	22506.5000	8000.0000	0.0000	24436.0000	7000.0000	0.0000	-3.4183	2.5421	-0.0000	6012.5633	-8.0325	0.0000	-5.0114	0.0000	0.0000	0.0000
21.5000	1213.2373	-3.3421	18566.4589	6741.9221	0.0000	0.1464	675.7894	22471.5000	8000.0000	0.0000	24396.0000	7000.0000	0.0000	-3.0163	2.5354	-0.0000	5851.3761	-7.0565	0.0000	-4.2414	0.0000	0.0000	0.0000
21.6000	1214.4860	-2.5029	18687.6033	6749.4587	0.0000	0.1465	674.7804	22436.5000	8000.0000	0.0000	24356.0000	7000.0000	0.0000	-2.6136	2.5311	-0.0000	5690.0688	-6.0906	0.0000	-3.4793	0.0000	0.0000	0.0000
21.7000	1215.8818	-1.6633	18808.8947	6756.7483	0.0000	0.1465	673.7750	22401.5000	8000.0000	0.0000	24316.0000	7000.0000	0.0000	-2.2104	2.5292	-0.0000	5528.6271	-5.1356	0.0000	-2.7271	0.0000	0.0000	0.0000
21.8000	1217.4072	-0.8238	18930.3451	6763.8153	0.0000	0.1464	672.7734	22366.5000	8000.0000	0.0000	24276.0000	7000.0000	0.0000	-1.8062	2.5297	-0.0000	5367.0375	-4.1921	0.0000	-1.9865	0.0000	0.0000	0.0000
21.9000	1219.0429	0.0146	19051.9647	6770.6844	0.0000	0.1461	671.7756	22331.5000	8000.0000	0.0000	24236.0000	7000.0000	0.0000	-1.4032	2.5324	-0.0000	5205.2887	-3.2612	0.0000	-1.2588	0.0000	0.0000	0.0000
22.0000	1220.8149	0.8506	19173.7633	6777.3801	0.0000	0.1456	670.7815	22296.5000	8000.0000	0.0000	24196.0000	7000.0000	0.0000	-1.0056	2.5375	-0.0000	5043.3701	-2.3440	0.0000	-0.5451	0.0000	0.0000	0.0000
22.1000	1222.7350	1.6831	19295.7551	6783.9273	0.0000	0.1448	669.7912	22261.5000	8000.0000	0.0000	24156.0000	7000.0000	0.0000	-0.6064	2.5447	-0.0000	4881.2665	-1.4418	0.0000	0.1532	0.0000	0.0000	0.0000
22.2000	1224.6786	2.5104	19417.9473	6790.3507	0.0000	0.1439	668.8046	22226.5000	8000.0000	0.0000	24116.0000	7000.0000	0.0000	-0.2105	2.5541	-0.0000	4718.9687	-0.5563	0.0000	0.8500	0.0000	0.0000	0.0000
22.3000	1226.6202	3.3339	19540.3395	6796.6747	0.0000	0.1433	667.8217	22191.5000	8000.0000	0.0000	24076.0000	7000.0000	0.0000	0.1794	2.5655	-0.0000	4556.4756	0.3137	0.0000	1.5124	0.0000	0.0000	0.0000
22.4000	1228.4772	4.1487	19662.9268	6802.9232	0.0000	0.1407	666.8427	22156.5000	8000.0000	0.0000	24036.0000	7000.0000	0.0000	0.5576	2.5789	-0.0000	4393.7904	1.1648	0.0000	2.1247	0.0000	0.0000	0.0000
22.5000	1230.2275	4.9471	19785.6979	6809.1190	0.0000	0.1378	665.8673	22121.5000	8000.0000	0.0000	23996.0000	7000.0000	0.0000	0.9228	2.5942	-0.0000	4230.9231	1.9888	0.0000	2.7521	0.0000	0.0000	0.0000
22.6000	1231.7904	5.7289	19908.6386	6815.2841	0.0000	0.1348	664.8957	22086.5000	8000.0000	0.0000	23956.0000	7000.0000	0.0000	1.2663	2.6113	-0.0000	4067.8864	2.7860	0.0000	3.3513	0.0000	0.0000	0.0000
22.7000	1233.1177	6.4933	20031.7252	6821.4384	0.0000	0.1317	663.9279	22051.5000	8000.0000	0.0000	23916.0000	7000.0000	0.0000	1.5948	2.6301	-0.0000	3904.7025	3.5563	0.0000	3.9267	0.0000	0.0000	0.0000
22.8000	1234.2721	7.2392	20154.9363	6827.6011	0.0000	0.1283	662.9638	22016.5000	8000.0000	0.0000	23876.0000	7000.0000	0.0000	1.9088	2.6505	-0.0000	3741.3925	4.2990	0.0000	4.4783	0.0000	0.0000	0.0000
22.9000	1235.2598	7.9653	20278.2541	6833.7906	0.0000	0.1248	662.0035	21981.5000	8000.0000	0.0000	23836.0000	7000.0000	0.0000	2.2066	2.6725	-0.0000	3577.9735	5.0134	0.0000	5.0063	0.0000	0.0000	0.0000
23.0000	1236.0765	8.6706	20401.6609	6840.0241	0.0000	0.1210	661.0469	21946.5000	8000.0000	0.0000	23796.0000	7000.0000	0.0000	2.4872	2.6959	-0.0000	3414.4623	5.6988	0.0000	5.5109	0.0000	0.0000	0.0000
23.1000	1236.7207	9.3541	20525.1387	6846.3178	0.0000	0.1172	660.0940	21911.5000	8000.0000	0.0000	23756.0000	7000.0000	0.0000	2.7514	2.7208	-0.0000	3250.8764	6.3549	0.0000	5.9924	0.0000	0.0000	0.0000
23.2000	1237.1965	10.0152	20648.6695	6852.6868	0.0000	0.1132	659.1450	21876.5000	8000.0000	0.0000	23716.0000	7000.0000	0.0000	2.9997	2.7469	-0.0000	3087.2328	6.9816	0.0000	6.4512	0.0000	0.0000	0.0000
23.3000	1237.5087	10.6536	20772.2358	6859.1450	0.0000	0.1092	658.1996	21841.5000	8000.0000	0.0000	23676.0000	7000.0000	0.0000	3.2324	2.7743	-0.0000	2923.5485	7.5789	0.0000	6.8876	0.0000	0.0000	0.0000
23.4000	1237.6667	11.2693	20895.8209	6865.7056	0.0000	0.1053	657.2580	21806.5000	8000.0000	0.0000	23636.0000	7000.0000	0.0000	3.4532	2.8029	-0.0000	2759.8396	8.1472	0.0000	7.3019	0.0000	0.0000	0.0000
23.5000	1237.7343	11.8621	21019.4111	6872.3811	0.0000	0.1013	656.3202	21771.5000	8000.0000	0.0000	23596.0000	7000.0000	0.0000	3.6688	2.8325	-0.0000	2596.1198	8.6865	0.0000	7.6902	0.0000	0.0000	0.0000
23.6000	1237.7320	12.4316	21142.9979	6879.1842	0.0000	0.0971	655.3861	21736.5000	8000.0000	0.0000	23556.0000	7000.0000	0.0000	3.8705	2.8632	-0.0000	2432.3970	9.1967	0.0000	8.0515	0.0000	0.0000	0.0000
23.7000	1237.6610	12.9765	21266.5735	6886.1268	0.0000	0.0927	654.4558	21701.5000	8000.0000	0.0000	23516.0000	7000.0000	0.0000	4.0584	2.8948	-0.0000	2268.6783	9.6769	0.0000	8.3856	0.0000	0.0000	0.0000
23.8000	1237.5228	13.4954	21390.1305	6893.2201	0.0000	0.0879	653.5292	21666.5000	8000.0000	0.0000	23476.0000	7000.0000	0.0000	4.2319	2.9272	-0.0000	2104.9707	10.1260	0.0000	8.6913	0.0000	0.0000	0.0000
23.9000	1237.3195	13.9863	21513.6614	6900.4741	0.0000	0.0829	652.6063	21631.5000	8000.0000	0.0000	23436.0000	7000.0000	0.0000	4.3907	2.9604	-0.0000	1941.2810	10.5427	0.0000	8.9667	0.0000	0.0000	0.0000
24.0000	1237.0537	14.4470	21637.1589	6907.8982	0.0000	0.0774	651.6873	21596.5000	8000.0000	0.0000	23396.0000	7000.0000	0.0000	4.5342	2.9942	-0.0000	1777.6158	10.9252	0.0000	9.2092	0.0000	0.0000	0.0000
24.1000	1236.7286	14.8749	21760.6162	6915.5007	0.0000	0.0713	650.7719	21561.5000	8000.0000	0.0000	23356.0000	7000.0000	0.0000	4.6617	3.0284	-0.0000	1613.9815	11.2712	0.0000	9.4154	0.0000	0.0000	0.0000
24.2000	1236.3479	15.2666	21884.0269	6923.2889	0.0000	0.0646	649.8603	21526.5000	8000.0000	0.0000	23316.0000	7000.0000	0.0000	4.7720	3.0629	-0.0000	1450.3839	11.5780	0.0000	9.5800	0.0000	0.0000	0.0000
24.3000	1235.9160	15.6176	22007.3848	6931.2691	0.0000	0.0570	648.9525	21491.5000	8000.0000	0.0000	23276.0000	7000.0000	0.0000	4.8638	3.0977	-0.0000	1286.8287	11.8417	0.0000	9.6954	0.0000	0.0000	0.0000
24.4000	1235.4379	15.9217	22130.6843	6939.4464	0.0000	0.0480	648.0484	21456.5000	8000.0000	0.0000	23236.0000	7000.0000	0.0000	4.9349	3.1323	-0.0000	1123.3211	12.0569	0.0000	9.7492	0.0000	0.0000	0.0000
24.5000	1234.9198	16.1699	22253.9206	6947.8248	0.0000	0.0371	647.1481	21421.5000	8000.0000	0.0000	23196.0000	7000.0000	0.0000	4.9819	3.1666	-0.0000	959.8656	12.2155	0.0000	9.7201	0.0000	0.0000	0.0000
24.6000	1234.3694	16.3479	22377.0894	6956.4065	0.0000	0.0229	646.2515	21386.5000	8000.0000	0.0000	23156.0000	7000.0000	0.0000	4.9990	3.2001	-0.0000	796.4662	12.3047	0.0000	9.5674	0.0000	0.0000	0.0000
24.7000	1233.7962	16.4314	22500.1876	6965.1922	0.0000	0.0029	645.3586	21351.5000	8000.0000	0.0000	23116.0000	7000.0000	0.0000	4.9757	3.2320	-0.0000	633.1260	12.3026	0.0000	9.2012	0.0000	0.0000	0.0000
24.8000	1233.2144	16.3726	22623.2132	6974.1796	0.0000	-0.0297	644.4696	21316.5000	8000.0000	0.0000	23076.0000	7000.0000	0.0000	4.8892	3.2611	-0.0000	469.8470	12.1664	0.0000	8.3768	0.0000	0.0000	0.0000
24.9000	1232.6473	16.0565	22746.1664	6983.3625	0.0000	-0.0970	643.5842	21281.5000	8000.0000	0.0000	23036.0000	7000.0000	0.0000	4.6732	3.2838	-0.0000	306.6292	11.7948	0.0000	6.1394	0.0000	0.0000	0.0000
25.0000	1232.1551	15.0675	22869.0518	6992.7238	0.0000	-0.3347	642.7026	21246.5000	8000.0000	0.0000	22996.0000	7000.0000	0.0000	3.9505	3.2842	-0.0000	143.4697	10.8423	0.0000	-5.6382	0.0000	0.0000	0.0000
25.0700	1231.9785	12.5802	22955.0414	6999.3496	0.0000	-1.0869	642.0878	21222.0000	8000.0000	0.0000	22968.0000	7000.0000	0.0000	2.4028	3.1282	-0.0000	29.2857	8.7245	0.0000	-30.0000	0.0000	0.0000	0.0000
