0	350.966	45.0000	2.4749	2.4749	0.0000	0.0000	979.8183	29996.5000	8000.0000	0.0000	32996.0000	7000.0000	0.0000	-0.0000	45.0000	-0.0000	30000.0000	-0.0000	0.0000	0.0000	0.0000
0.1000	360.5789	45.0003	27.6252	27.5713	0.0000	0.0002	978.0029	29961.5000	8000.0000	0.0000	32956.0000	7000.0000	0.0000	0.0477	45.0001	-0.0000	29964.5664	0.1104	0.0000	0.1608	0.0000
0.2000	370.1084	45.0022	53.5012	53.2961	0.0000	0.0005	976.1913	29926.5000	8000.0000	0.0000	32916.0000	7000.0000	0.0000	0.0934	45.0003	-0.0000	29928.1745	0.2157	0.0000	0.2961	0.0000
0.3000	379.5542	45.0062	80.0964	79.6435	0.0000	0.0010	974.3835	29891.5000	8000.0000	0.0000	32876.0000	7000.0000	0.0000	0.1376	45.0006	-0.0000	29890.8329	0.3172	0.0000	0.4178	0.0000
0.4000	388.9280	45.0128	107.4049	106.6084	0.0000	0.0014	972.5794	29856.5000	8000.0000	0.0000	32836.0000	7000.0000	0.0000	0.1808	45.0010	-0.0000	29852.5496	0.4156	0.0000	0.5322	0.0000
0.5000	398.2305	45.0219	135.4210	134.1861	0.0000	0.0018	970.7791	29821.5000	8000.0000	0.0000	32796.0000	7000.0000	0.0000	0.2231	45.0016	-0.0000	29813.3319	0.5111	0.0000	0.6428	0.0000
0.6000	407.4609	45.0333	164.1392	162.3720	0.0000	0.0022	968.9825	29786.5000	8000.0000	0.0000	32756.0000	7000.0000	0.0000	0.2645	45.0023	-0.0000	29773.1869	0.6041	0.0000	0.7516	0.0000
0.7000	416.6180	45.0469	193.5535	191.1617	0.0000	0.0026	967.1896	29751.5000	8000.0000	0.0000	32716.0000	7000.0000	0.0000	0.3047	45.0032	-0.0000	29732.1221	0.6945	0.0000	0.8536	0.0000
0.8000	425.7006	45.0624	223.6581	220.5503	0.0000	0.0029	965.4006	29716.5000	8000.0000	0.0000	32676.0000	7000.0000	0.0000	0.3438	45.0041	-0.0000	29690.1449	0.7825	0.0000	0.9528	0.0000
0.9000	434.7076	45.0796	254.4471	250.5332	0.0000	0.0031	963.6152	29681.5000	8000.0000	0.0000	32636.0000	7000.0000	0.0000	0.3821	45.0052	-0.0000	29647.2628	0.8680	0.0000	1.0498	0.0000
1.0000	443.6381	45.0982	285.9142	281.1058	0.0000	0.0034	961.8336	29646.5000	8000.0000	0.0000	32596.0000	7000.0000	0.0000	0.4194	45.0065	-0.0000	29603.4835	0.9510	0.0000	1.1444	0.0000
1.1000	452.4912	45.1181	318.0534	312.2632	0.0000	0.0036	960.0558	29611.5000	8000.0000	0.0000	32556.0000	7000.0000	0.0000	0.4557	45.0078	-0.0000	29558.8146	1.0316	0.0000	1.2372	0.0000
1.2000	461.2661	45.1390	350.8584	344.0007	0.0000	0.0038	958.2817	29576.5000	8000.0000	0.0000	32516.0000	7000.0000	0.0000	0.4911	45.0093	-0.0000	29513.2641	1.1098	0.0000	1.3283	0.0000
1.3000	469.9618	45.1610	384.3227	376.3135	0.0000	0.0039	956.5114	29541.5000	8000.0000	0.0000	32476.0000	7000.0000	0.0000	0.5255	45.0108	-0.0000	29466.8397	1.1857	0.0000	1.4173	0.0000
1.4000	478.5778	45.1837	418.4401	409.1966	0.0000	0.0040	954.7448	29506.5000	8000.0000	0.0000	32436.0000	7000.0000	0.0000	0.5591	45.0126	-0.0000	29419.5495	1.2592	0.0000	1.5043	0.0000
1.5000	487.1134	45.2072	453.2039	442.6454	0.0000	0.0042	952.9819	29471.5000	8000.0000	0.0000	32396.0000	7000.0000	0.0000	0.5917	45.0144	-0.0000	29371.4015	1.3306	0.0000	1.5892	0.0000
1.6000	495.5678	45.2313	488.6077	476.6548	0.0000	0.0043	951.2229	29436.5000	8000.0000	0.0000	32356.0000	7000.0000	0.0000	0.6234	45.0163	-0.0000	29322.4037	1.3997	0.0000	1.6721	0.0000
1.7000	503.9406	45.2560	524.6449	511.2199	0.0000	0.0043	949.4675	29401.5000	8000.0000	0.0000	32316.0000	7000.0000	0.0000	0.6543	45.0184	-0.0000	29272.5644	1.4667	0.0000	1.7531	0.0000
1.8000	512.2336	45.2811	561.3089	546.3358	0.0000	0.0044	947.7159	29366.5000	8000.0000	0.0000	32276.0000	7000.0000	0.0000	0.6845	45.0205	-0.0000	29221.8916	1.5317	0.0000	1.8248	0.0000
1.9000	520.4589	45.3066	598.5936	581.9981	0.0000	0.0045	945.9681	29331.5000	8000.0000	0.0000	32236.0000	7000.0000	0.0000	0.7141	45.0228	-0.0000	29170.3930	1.5946	0.0000	1.8858	0.0000
2.0000	528.6190	45.3324	636.4934	618.2030	0.0000	0.0045	944.2240	29296.5000	8000.0000	0.0000	32196.0000	7000.0000	0.0000	0.7429	45.0252	-0.0000	29118.0752	1.6556	0.0000	1.9438	0.0000
2.1000	536.7144	45.3586	675.0028	654.9468	0.0000	0.0046	942.4837	29261.5000	8000.0000	0.0000	32156.0000	7000.0000	0.0000	0.7710	45.0277	-0.0000	29064.9446	1.7147	0.0000	1.9992	0.0000
2.2000	544.7459	45.3850	714.1166	692.2257	0.0000	0.0046	940.7471	29226.5000	8000.0000	0.0000	32116.0000	7000.0000	0.0000	0.7984	45.0303	-0.0000	29011.0077	1.7719	0.0000	2.0520	0.0000
2.3000	552.7141	45.4117	753.8293	730.0362	0.0000	0.0047	939.0142	29191.5000	8000.0000	0.0000	32076.0000	7000.0000	0.0000	0.8251	45.0330	-0.0000	28956.2709	1.8273	0.0000	2.1024	0.0000
2.4000	560.6199	45.4385	794.1356	768.3748	0.0000	0.0047	937.2852	29156.5000	8000.0000	0.0000	32036.0000	7000.0000	0.0000	0.8511	45.0358	-0.0000	28900.7405	1.8810	0.0000	2.1504	0.0000
2.5000	568.4639	45.4655	835.0302	807.2378	0.0000	0.0047	935.5598	29121.5000	8000.0000	0.0000	31996.0000	7000.0000	0.0000	0.8764	45.0387	-0.0000	28844.4227	1.9331	0.0000	2.1962	0.0000
2.6000	576.2471	45.4927	876.5080	846.6219	0.0000	0.0047	933.8382	29086.5000	8000.0000	0.0000	31956.0000	7000.0000	0.0000	0.9011	45.0418	-0.0000	28787.3236	1.9834	0.0000	2.2398	0.0000
2.7000	583.9691	45.5198	918.5638	886.5236	0.0000	0.0048	932.1204	29051.5000	8000.0000	0.0000	31916.0000	7000.0000	0.0000	0.9250	45.0449	-0.0000	28729.4493	2.0322	0.0000	2.2813	0.0000
2.8000	591.6282	45.5471	961.1923	926.9394	0.0000	0.0048	930.4063	29016.5000	8000.0000	0.0000	31876.0000	7000.0000	0.0000	0.9483	45.0481	-0.0000	28670.8059	2.0795	0.0000	2.3208	0.0000
2.9000	599.2250	45.5744	1004.3883	967.8659	0.0000	0.0048	928.6960	28981.5000	8000.0000	0.0000	31836.0000	7000.0000	0.0000	0.9709	45.0514	-0.0000	28611.3997	2.1252	0.0000	2.3585	0.0000
3.0000	606.7604	45.6017	1048.1465	1009.2994	0.0000	0.0048	926.9894	28946.5000	8000.0000	0.0000	31796.0000	7000.0000	0.0000	0.9930	45.0548	-0.0000	28551.2369	2.1695	0.0000	2.3940	0.0000
3.1000	614.2710	44.3421	1092.4729	1051.2265	0.0000	-0.4107	925.2865	28911.5000	8000.0000	0.0000	31756.0000	7000.0000	0.0000	0.3291	11.8797	-0.0000	29889.6585	1.1800	0.0000	-19.4158	0.0000
3.2000	621.7687	41.6291	1137.3910	1093.6210	0.0000	-0.5183	923.5875	28876.5000	8000.0000	0.0000	31716.0000	7000.0000	0.0000	-0.7778	11.8326	-0.0000	29800.3570	-1.3806	0.0000	-15.0161	0.0000
3.3000	629.0376	38.6284	1182.9319	1136.4363	0.0000	-0.5208	921.8921	28841.5000	8000.0000	0.0000	31676.0000	7000.0000	0.0000	-2.0481	11.7846	-0.0000	29710.3818	-4.2387	0.0000	-15.0765	0.0000
3.4000	635.9650	35.7105	1229.1199	1179.6015	0.0000	-0.4925	920.2005	28806.5000	8000.0000	0.0000	31636.0000	7000.0000	0.0000	-3.2552	11.7360	-0.0000	29619.7235	-6.9750	0.0000	-16.3148	0.0000
3.5000	642.5746	32.9812	1275.9750	1223.0442	0.0000	-0.4561	918.5127	28771.5000	8000.0000	0.0000	31596.0000	7000.0000	0.0000	-4.3555	11.6868	-0.0000	29528.3775	-9.4749	0.0000	-17.7670	0.0000
3.6000	648.9760	30.4638	1323.5192	1266.7007	0.0000	-0.4191	916.8286	28736.5000	8000.0000	0.0000	31556.0000	7000.0000	0.0000	-5.3426	11.6371	-0.0000	29436.3366	-11.7158	0.0000	-19.1425	0.0000
3.7000	655.1679	28.1550	1371.7742	1310.5140	0.0000	-0.3836	915.1483	28701.5000	8000.0000	0.0000	31516.0000	7000.0000	0.0000	-6.2112	11.5871	-0.0000	29343.5909	-13.7058	0.0000	-20.3600	0.0000
3.8000	661.1477	26.0435	1420.7568	1354.4310	0.0000	-0.3505	913.4717	28666.5000	8000.0000	0.0000	31476.0000	7000.0000	0.0000	-6.9698	11.5368	-0.0000	29250.1344	-15.4619	0.0000	-21.4067	0.0000
3.9000	666.9190	24.1158	1470.4792	1398.4022	0.0000	-0.3197	911.7988	28631.5000	8000.0000	0.0000	31436.0000	7000.0000	0.0000	-7.6285	11.4864	-0.0000	29155.9650	-17.0027	0.0000	-22.2908	0.0000
4.0000	672.4901	22.3586	1520.9500	1442.3818	0.0000	-0.2912	910.1298	28596.5000	8000.0000	0.0000	31396.0000	7000.0000	0.0000	-8.1972	11.4360	-0.0000	29061.0829	-18.3465	0.0000	-23.0258	0.0000
4.1000	677.8728	20.7588	1572.1746	1486.3282	0.0000	-0.2649	908.4644	28561.5000	8000.0000	0.0000	31356.0000	7000.0000	0.0000	-8.6849	11.3855	-0.0000	28965.4906	-19.5106	0.0000	-23.6257	0.0000
4.2000	683.0807	19.3041	1624.1561	1530.2033	0.0000	-0.2407	906.8028	28526.5000	8000.0000	0.0000	31316.0000	7000.0000	0.0000	-9.1003	11.3352	-0.0000	28869.1923	-20.5110	0.0000	-24.1039	0.0000
4.3000	688.1291	17.9830	1676.8957	1573.9727	0.0000	-0.2185	905.1450	28491.5000	8000.0000	0.0000	31276.0000	7000.0000	0.0000	-9.4511	11.2850	-0.0000	28772.1932	-21.3626	0.0000	-24.4727	0.0000
4.4000	693.0334	16.7846	1730.3928	1617.6055	0.0000	-0.1981	903.4909	28456.5000	8000.0000	0.0000	31236.0000	7000.0000	0.0000	-9.7443	11.2350	-0.0000	28674.4991	-22.0791	0.0000	-24.7434	0.0000
4.5000	697.8096	15.6987	1784.6460	1661.0738	0.0000	-0.1794	901.8406	28421.5000	8000.0000	0.0000	31196.0000	7000.0000	0.0000	-9.9860	11.1853	-0.0000	28576.1166	-22.6731	0.0000	-24.9262	0.0000
4.6000	702.4728	14.7159	1839.6525	1704.3529	0.0000	-0.1622	900.1940	28386.5000	8000.0000	0.0000	31156.0000	7000.0000	0.0000	-10.1817	11.1359	-0.0000	28477.0523	-23.1564	0.0000	-25.0379	0.0000
4.7000	707.0380	13.8275	1895.4093	1747.4208	0.0000	-0.1466	898.5511	28351.5000	8000.0000	0.0000	31116.0000	7000.0000	0.0000	-10.3363	11.0869	-0.0000	28377.3130	-23.5396	0.0000	-25.1024	0.0000
4.8000	711.5192	13.0254	1951.9125	1790.2580	0.0000	-0.1322	896.9121	28316.5000	8000.0000	0.0000	31076.0000	7000.0000	0.0000	-10.4544	11.0382	-0.0000	28276.9054	-23.8325	0.0000	-25.1042	0.0000
4.9000	715.9294	12.3021	2009.1579	1832.8477	0.0000	-0.1191	895.2767	28281.5000	8000.0000	0.0000	31036.0000	7000.0000	0.0000	-10.5399	10.9901	-0.0000	28175.8361	-24.0440	0.0000	-25.0496	0.0000
5.0000	720.2808	11.6507	2067.1413	1875.1748	0.0000	-0.1072	893.6451	28246.5000	8000.0000	0.0000	30996.0000	7000.0000	0.0000	-10.5964	10.9423	-0.0000	28074.1116	-24.1825	0.0000	-24.9448	0.0000
5.1000	724.5842	11.0649	2125.8580	1917.2265	0.0000	-0.0964	892.0173	28211.5000	8000.0000	0.0000	30956.0000	7000.0000	0.0000	-10.6269	10.8951	-0.0000	27971.7380	-24.2555	0.0000	-24.7955	0.0000
5.2000	728.8496	10.5386	2185.3033	1958.9916	0.0000	-0.0865	890.3932	28176.5000	8000.0000	0.0000	30916.0000	7000.0000	0.0000	-10.6343	10.8483	-0.0000	27868.7211	-24.2699	0.0000	-24.6067	0.0000
5.3000	733.0860	10.0666	2245.4727	2000.4607	0.0000	-0.0775	888.7729	28141.5000	8000.0000	0.0000	30876.0000	7000.0000	0.0000	-10.6212	10.8021	-0.0000	27765.0665	-24.2320	0.0000	-24.3831	0.0000
5.4000	737.3012	9.6438	2306.3614	2041.6256	0.0000	-0.0694	887.1563	28106.5000	8000.0000	0.0000	30836.0000	7000.0000	0.0000	-10.5896	10.7565	-0.0000	27660.7797	-24.1476	0.0000	-24.1289	0.0000
5.5000	741.5023	9.2658	2367.9646	2082.4798	0.0000	-0.0620	885.5434	28071.5000	8000.0000	0.0000	30796.0000	7000.0000	0.0000	-10.5417	10.7114	-0.0000	27555.8657	-24.0219	0.0000	-23.8480	0.0000
5.6000	745.6954	8.9285	2430.2777	2123.0177	0.0000	-0.0552	883.9344	28036.5000	8000.0000	0.0000	30756.0000	7000.0000	0.0000	-10.4792	10.6669	-0.0000	27450.3291	-23.8596	0.0000	-23.5439	0.0000
5.7000	749.8858	8.6280	2493.2962	2163.2348	0.0000	-0.0491	882.3290	28001.5000	8000.0000	0.0000	30716.0000	7000.0000	0.0000	-10.4038	10.6230	-0.0000	27344.1747	-23.6650	0.0000	-23.2198	0.0000
5.8000	754.0780	8.3610	2557.0154	2203.1276	0.0000	-0.0436	880.7274	27966.5000	8000.0000	0.0000	30676.0000	7000.0000	0.0000	-10.3170	10.5796	-0.0000	27237.4066	-23.4420	0.0000	-22.8784	0.0000
5.9000	758.2759	8.1244	2621.4308	2242.6937	0.0000	-0.0386	879.1296	27931.5000	8000.0000	0.0000	30636.0000	7000.0000	0.0000	-10.2199	10.5369	-0.0000	27130.0290	-23.1942	0.0000	-22.5223	0.0000
6.0000	762.4826	7.9152	2686.5381	2281.9310	0.0000	-0.0340	877.5355	27896.5000	8000.0000	0.0000	30596.0000	7000.0000	0.0000	-10.1139	10.4948	-0.0000	27022.0458	-22.9248	0.0000	-22.1539	0.0000
6.1000	766.7007	7.7311	2752.3327	2320.8386	0.0000	-0.0299	875.9452	27861.5000	8000.0000	0.0000	30556.0000	7000.0000	0.0000	-10.0003	10.4533	-0.0000	26913.4608	-22.6366	0.0000	-21.7765	0.0000
6.2000	770.9323	7.5694	2818.8104	2359.4158	0.0000	-0.0262	874.3586	27826.5000	8000.0000	0.0000	30516.0000	7000.0000	0.0000	-9.8799	10.4125	-0.0000	26804.2773	-22.3323	0.0000	-21.3904	0.0000
6.3000	775.1791	7.4281	2885.9668	2397.6627	0.0000	-0.0228	872.7757	27791.5000	8000.0000	0.0000	30476.0000	7000.0000	0.0000	-9.7534	10.3722	-0.0000	26694.4990	-22.0142	0.0000	-20.9974	0.0000
6.4000	779.4423	7.3052	2953.7978	2435.5798	0.0000	-0.0198	871.1967	27756.5000	8000.0000	0.0000	30436.0000	7000.0000	0.0000	-9.6217	10.3326	-0.0000	26584.1292	-21.6846	0.0000	-20.5993	0.0000
6.5000	783.7227	7.1991	3022.2992	2473.1681	0.0000	-0.0170	869.6213	27721.5000	8000.0000	0.0000	30396.0000	7000.0000	0.0000	-9.4855	10.2937	-0.0000	26473.1709	-21.3452	0.0000	-20.1974	0.0000
6.6000	788.0209	7.1082	3091.4667	2510.4290	0.0000	-0.0145	868.0497	27686.5000	8000.0000	0.0000	30356.0000	7000.0000	0.0000	-9.3455	10.2553	-0.0000	26361.6274	-20.9978	0.0000	-19.7930	0.0000
6.7000	792.3372	7.0312	3161.2962	2547.3641	0.0000	-0.0122	866.4819	27651.5000	8000.0000	0.0000	30316.0000	7000.0000	0.0000	-9.2022	10.2176	-0.0000	26249.5017	-20.6438	0.0000	-19.3870	0.0000
6.8000	796.6717	6.9666	3231.7837	2583.9755	0.0000	-0.0101	864.9178	27616.5000	8000.0000	0.0000	30276.0000	7000.0000	0.0000	-9.0561	10.1805	-0.0000	26136.7967	-20.2845	0.0000	-18.9805	0.0000
6.9000	801.0242	6.9136	3302.9250	2620.2654	0.0000	-0.0082	863.3575	27581.5000	8000.0000	0.0000	30236.0000	7000.0000	0.0000	-8.9077	10.1440	-0.0000	26023.5154	-19.9212	0.0000	-18.5744	0.0000
7.0000	805.3943	6.8709	3374.7162	2656.2366	0.0000	-0.0065	861.8009	27546.5000	8000.0000	0.0000	30196.0000	7000.0000	0.0000	-8.7575	10.1082	-0.0000	25909.6605	-19.5549	0.0000	-18.1692	0.0000
7.1000	809.7815	6.8377	3447.1531	2691.8916	0.0000	-0.0049	860.2480	27511.5000	8000.0000	0.0000	30156.0000	7000.0000	0.0000	-8.6057	10.0730	-0.0000	25795.2351	-19.1865	0.0000	-17.7658	0.0000
7.2000	814.1853	6.8131	3520.2318	2727.2336	0.0000	-0.0035	858.6990	27476.5000	8000.0000	0.0000	30116.0000	7000.0000	0.0000	-8.4529	10.0384	-0.0000	25680.2417	-18.8170	0.0000	-17.3647	0.0000
7.3000	818.6048	6.7965	3593.9482	2762.2657	0.0000	-0.0022	857.1536	27441.5000	8000.0000	0.0000	30076.0000	7000.0000	0.0000	-8.2992	10.0045	-0.0000	25564.6832	-18.4470	0.0000	-16.9664	0.0000
7.4000	823.0392	6.7870	3668.2983	2796.9912	0.0000	-0.0010	855.6120	27406.5000	8000.0000	0.0000	30036.0000	7000.0000	0.0000	-8.1450	9.9711	-0.0000	25448.5624	-18.0772	0.0000	-16.5714	0.0000
7.5000	827.4877	6.7841	3743.2782	2831.4135	0.0000	0.0001	854.0742	27371.5000	8000.0000	0.0000	29996.0000	7000.0000	0.0000	-7.9895	9.9384	-0.0000	25331.8820	-17.7083	0.0000	-16.1605	0.0000
7.6000	831.9496	6.7873	3818.8839	2865.5363	0.0000	0.0011	852.5401	27336.5000	8000.0000	0.0000	29956.0000	7000.0000	0.0000	-7.8339	9.9063	-0.0000	25214.6446	-17.3407	0.0000	-15.7501	0.0000
7.7000	836.4239	6.7961	3895.1114	2899.3635	0.0000	0.0020	851.0098	27301.5000	8000.0000	0.0000	29916.0000	7000.0000	0.0000	-7.6784	9.8748	-0.0000	25096.8530	-16.9749	0.0000	-15.3450	0.0000
7.8000	840.9093	6.8099	3971.9567	2932.8988	0.0000	0.0029	849.4832	27266.5000	8000.0000	0.0000	29876.0000	7000.0000	0.0000	-7.5233	9.8439	-0.0000	24978.5099	-16.6114	0.0000	-14.9455	0.0000
7.9000	845.4049	6.8283	4049.4159	2966.1463	0.0000	0.0036	847.9603	27231.5000	8000.0000	0.0000	29836.0000	7000.0000	0.0000	-7.3687	9.8136	-0.0000	24859.6181	-16.2504	0.0000	-14.5517	0.0000
8.0000	849.9094	6.8511	4127.4849	2999.1100	0.0000	0.0044	846.4413	27196.5000	8000.0000	0.0000	29796.0000	7000.0000	0.0000	-7.2149	9.7839	-0.0000	24740.1801	-15.8923	0.0000	-14.1638	0.0000
8.1000	854.4217	6.8777	4206.1598	3031.7939	0.0000	0.0050	844.9259	27161.5000	8000.0000	0.0000	29756.0000	7000.0000	0.0000	-7.0619	9.7548	-0.0000	24620.1988	-15.5374	0.0000	-13.7819	0.0000
8.2000	858.9408	6.9081	4285.4367	3064.2023	0.0000	0.0056	843.4143	27126.5000	8000.0000	0.0000	29716.0000	7000.0000	0.0000	-6.9098	9.7263	-0.0000	24499.6768	-15.1859	0.0000	-13.4063	0.0000
8.3000	863.4653	6.9417	4365.3116	3096.3393	0.0000	0.0062	841.9065	27091.5000	8000.0000	0.0000	29676.0000	7000.0000	0.0000	-6.7588	9.6984	-0.0000	24378.6168	-14.8379	0.0000	-13.0369	0.0000
8.4000	867.9943	6.9785	4445.7806	3128.2090	0.0000	0.0067	840.4024	27056.5000	8000.0000	0.0000	29636.0000	7000.0000	0.0000	-6.6089	9.6710	-0.0000	24257.0217	-14.4936	0.0000	-12.6738	0.0000
8.5000	872.5266	7.0181	4526.8397	3159.8158	0.0000	0.0072	838.9021	27021.5000	8000.0000	0.0000	29596.0000	7000.0000	0.0000	-6.4602	9.6443	-0.0000	24134.8941	-14.1532	0.0000	-12.3170	0.0000
8.6000	877.0610	7.0604	4608.4850	3191.1640	0.0000	0.0076	837.4055	26986.5000	8000.0000	0.0000	29556.0000	7000.0000	0.0000	-6.3128	9.6181	-0.0000	24012.2367	-13.8167	0.0000	-11.9667	0.0000
8.7000	881.5966	7.1051	4690.7125	3222.2577	0.0000	0.0080	835.9126	26951.5000	8000.0000	0.0000	29516.0000	7000.0000	0.0000	-6.1668	9.5924	-0.0000	23889.0524	-13.4844	0.0000	-11.6227	0.0000
8.8000	886.1322	7.1521	4773.5184	3253.1013	0.0000	0.0084	834.4236	26916.5000	8000.0000	0.0000	29476.0000	7000.0000	0.0000	-6.0222	9.5674	-0.0000	23765.3440	-13.1561	0.0000	-11.2851	0.0000
8.9000	890.6667	7.2013	4856.8986	3283.6992	0.0000	0.0088	832.9382	26881.5000	8000.0000	0.0000	29436.0000	7000.0000	0.0000	-5.8790	9.5429	-0.0000	23641.1140	-12.8320	0.0000	-10.9539	0.0000
9.0000	895.1993	7.2525	4940.8493	3314.0556	0.0000	0.0091	831.4566	26846.5000	8000.0000	0.0000	29396.0000	7000.0000	0.0000	-5.7374	9.5189	-0.0000	23516.3655	-12.5122	0.0000	-10.6290	0.0000
9.1000	899.7289	7.3055	5025.3667	3344.1748	0.0000	0.0094	829.9788	26811.5000	8000.0000	0.0000	29356.0000	7000.0000	0.0000	-5.5972	9.4955	-0.0000	23391.1011	-12.1967	0.0000	-10.3104	0.0000
9.2000	904.2545	7.3603	5110.4467	3374.0611	0.0000	0.0097	828.5047	26776.5000	8000.0000	0.0000	29316.0000	7000.0000	0.0000	-5.4586	9.4726	-0.0000	23265.3236	-11.8854	0.0000	-9.9981	0.0000
9.3000	908.7752	7.4167	5196.0855	3403.7190	0.0000	0.0100	827.0344	26741.5000	8000.0000	0.0000	29276.0000	7000.0000	0.0000	-5.3215	9.4503	-0.0000	23139.0359	-11.5784	0.0000	-9.6919	0.0000
9.4000	913.2901	7.4747	5282.2792	3433.1526	0.0000	0.0103	825.5678	26706.5000	8000.0000	0.0000	29236.0000	7000.0000	0.0000	-5.1861	9.4285	-0.0000	23012.2407	-11.2756	0.0000	-9.3918	0.0000
9.5000	917.7984	7.5341	5369.0239	3462.3662	0.0000	0.0105	824.1049	26671.5000	8000.0000	0.0000	29196.0000	7000.0000	0.0000	-5.0523	9.4072	-0.0000	22884.9410	-10.9772	0.0000	-9.0978	0.0000
9.6000	922.2991	7.5949	5456.3157	3491.3642	0.0000	0.0107	822.6459	26636.5000	8000.0000	0.0000	29156.0000	7000.0000	0.0000	-4.9200	9.3865	-0.0000	22757.1394	-10.6830	0.0000	-8.8098	0.0000
9.7000	926.7916	7.6569	5544.1509	3520.1509	0.0000	0.0109	821.1905	26601.5000	8000.0000	0.0000	29116.0000	7000.0000	0.0000	-4.7894	9.3662	-0.0000	22628.8389	-10.3931	0.0000	-8.5277	0.0000
9.8000	931.2749	7.7201	5632.5256	3548.7304	0.0000	0.0111	819.7389	26566.5000	8000.0000	0.0000	29076.0000	7000.0000	0.0000	-4.6605	9.3465	-0.0000	22500.0423	-10.1074	0.0000	-8.2515	0.0000
9.9000	935.7485	7.7845	5721.4358	3577.1071	0.0000	0.0113	818.2911	26531.5000	8000.0000	0.0000	29036.0000	7000.0000	0.0000	-4.5331	9.3273	-0.0000	22370.7524	-9.8258	0.0000	-7.9810	0.0000
10.0000	940.2114	7.8499	5810.8779	3605.2852	0.0000	0.0115	816.8470	26496.5000	8000.0000	0.0000	28996.0000	7000.0000	0.0000	-4.4075	9.3086	-0.0000	22240.9721	-9.5484	0.0000	-7.7161	0.0000
10.1000	944.6632	7.9163	5900.8479	3633.2688	0.0000	0.0117	815.4067	26461.5000	8000.0000	0.0000	28956.0000	7000.0000	0.0000	-4.2834	9.2904	-0.0000	22110.7041	-9.2752	0.0000	-7.4569	0.0000
10.2000	949.1030	7.9837	5991.3422	3661.0622	0.0000	0.0118	813.9701	26426.5000	8000.0000	0.0000	28916.0000	7000.0000	0.0000	-4.1610	9.2727	-0.0000	21979.9515	-9.0060	0.0000	-7.2031	0.0000
10.3000	953.5302	8.0519	6082.3569	3688.6695	0.0000	0.0120	812.5372	26391.5000	8000.0000	0.0000	28876.0000	7000.0000	0.0000	-4.0402	9.2555	-0.0000	21848.7169	-8.7408	0.0000	-6.9547	0.0000
10.4000	957.9443	8.1210	6173.8882	3716.0949	0.0000	0.0121	811.1082	26356.5000	8000.0000	0.0000	28836.0000	7000.0000	0.0000	-3.9210	9.2388	-0.0000	21717.0033	-8.4796	0.0000	-6.7116	0.0000
10.5000	962.3447	8.1909	6265.9324	3743.3425	0.0000	0.0123	809.6828	26321.5000	8000.0000	0.0000	28796.0000	7000.0000	0.0000	-3.8034	9.2225	-0.0000	21584.8135	-8.2224	0.0000	-6.4738	0.0000
10.6000	966.7311	8.2616	6358.4857	3770.4164	0.0000	0.0124	808.2612	26286.5000	8000.0000	0.0000	28756.0000	7000.0000	0.0000	-3.6879	9.2067	-0.0000	21452.1503	-7.9691	0.0000	-6.2411	0.0000
10.7000	971.1203	8.3330	6451.5451	3797.3208	0.0000	0.0125	806.8434	26251.5000	8000.0000	0.0000	28716.0000	7000.0000	0.0000	-3.5772	9.1914	-0.0000	21319.0162	-7.7195	0.0000	-6.0133	0.0000
10.8000	975.5206	8.4050	6545.1091	3824.0600	0.0000	0.0126	805.4293	26216.5000	8000.0000	0.0000	28676.0000	7000.0000	0.0000	-3.4677	9.1766	-0.0000	21185.4117	-7.4735	0.0000	-5.7901	0.0000
10.9000	979.9215	8.4775	6639.1766	3850.6385	0.0000	0.0126	804.0190	26181.5000	8000.0000	0.0000	28636.0000	7000.0000	0.0000	-3.3613	9.1622	-0.0000	21051.3372	-7.2312	0.0000	-5.5985	0.0000
11.0000	984.3069	8.5496	6733.7446	3877.0598	0.0000	0.0125	802.6124	26146.5000	8000.0000	0.0000	28596.0000	7000.0000	0.0000	-3.2566	9.1483	-0.0000	20916.7945	-6.9932	0.0000	-5.4123	0.0000
11.1000	988.6757	8.6211	6828.8096	3903.3276	0.0000	0.0124	801.2095	26111.5000	8000.0000	0.0000	28556.0000	7000.0000	0.0000	-3.1536	9.1349	-0.0000	20781.7864	-6.7598	0.0000	-5.2280	0.0000
11.2000	993.0273	8.6920	6924.3683	3929.4452	0.0000	0.0123	799.8105	26076.5000	8000.0000	0.0000	28516.0000	7000.0000	0.0000	-3.0522	9.1219	-0.0000	20646.3157	-6.5308	0.0000	-5.0464	0.0000
11.3000	997.3608	8.7626	7020.4169	3955.4162	0.0000	0.0123	798.4151	26041.5000	8000.0000	0.0000	28476.0000	7000.0000	0.0000	-2.9522	9.1093	-0.0000	20510.3851	-6.3060	0.0000	-4.8675	0.0000
11.4000	1001.6756	8.8332	7116.9519	3981.2438	0.0000	0.0123	797.0235	26006.5000	8000.0000	0.0000	28436.0000	7000.0000	0.0000	-2.8536	9.0972	-0.0000	20373.9976	-6.0850	0.0000	-4.6913	0.0000
11.5000	1005.9712	8.9039	7213.9698	4006.9315	0.0000	0.0124	795.6357	25971.5000	8000.0000	0.0000	28396.0000	7000.0000	0.0000	-2.7562	9.0856	-0.0000	20237.1560	-5.8675	0.0000	-4.5177	0.0000
11.6000	1010.2470	8.9751	7311.4669	4032.4827	0.0000	0.0125	794.2516	25936.5000	8000.0000	0.0000	28356.0000	7000.0000	0.0000	-2.6599	9.0743	-0.0000	20099.8632	-5.6533	0.0000	-4.3464	0.0000
11.7000	1014.5025	9.0468	7409.4398	4057.9007	0.0000	0.0126	792.8713	25901.5000	8000.0000	0.0000	28316.0000	7000.0000	0.0000	-2.5647	9.0636	-0.0000	19962.1222	-5.4421	0.0000	-4.1774	0.0000
11.8000	1018.7372	9.1191	7507.8846	4083.1888	0.0000	0.0127	791.4947	25866.5000	8000.0000	0.0000	28276.0000	7000.0000	0.0000	-2.4704	9.0532	-0.0000	19823.9358	-5.2337	0.0000	-4.0105	0.0000
11.9000	1022.9508	9.1923	7606.7979	4108.3505	0.0000	0.0129	790.1218	25831.5000	8000.0000	0.0000	28236.0000	7000.0000	0.0000	-2.3770	9.0433	-0.0000	19685.3070	-5.0280	0.0000	-3.8457	0.0000
12.0000	1027.1417	9.2664	7706.1760	4133.3892	0.0000	0.0130	788.7528	25796.5000	8000.0000	0.0000	28196.0000	7000.0000	0.0000	-2.2843	9.0338	-0.0000	19546.2389	-4.8247	0.0000	-3.6828	0.0000
12.1000	1031.3081	9.3414	7806.0151	4158.3081	0.0000	0.0132	787.3874	25761.5000	8000.0000	0.0000	28156.0000	7000.0000	0.0000	-2.1923	9.0248	-0.0000	19406.7344	-4.6240	0.0000	-3.5218	0.0000
12.2000	1035.4496	9.4175	7906.3112	4183.1106	0.0000	0.0134	786.0258	25726.5000	8000.0000	0.0000	28116.0000	7000.0000	0.0000	-2.1011	9.0162	-0.0000	19266.7969	-4.4255	0.0000	-3.3627	0.0000
12.3000	1039.5661	9.4947	8007.0605	4207.8001	0.0000	0.0136	784.6680	25691.5000	8000.0000	0.0000	28076.0000	7000.0000	0.0000	-2.0106	9.0080	-0.0000	19126.4297	-4.2292	0.0000	-3.2053	0.0000
12.4000	1043.6571	9.5729	8108.2591	4232.3799	0.0000	0.0138	783.3139	25656.5000	8000.0000	0.0000	28036.0000	7000.0000	0.0000	-1.9209	9.0002	-0.0000	18985.6359	-4.0352	0.0000	-3.0497	0.0000
12.5000	1047.7225	9.6522	8209.9032	4256.8535	0.0000	0.0140	781.9636	25621.5000	8000.0000	0.0000	27996.0000	7000.0000	0.0000	-1.8319	8.9928	-0.0000	18844.4188	-3.8432	0.0000	-2.8958	0.0000
12.6000	1051.7621	9.7327	8311.9887	4281.2242	0.0000	0.0141	780.6170	25586.5000	8000.0000	0.0000	27956.0000	7000.0000	0.0000	-1.7436	8.9859	-0.0000	18702.7816	-3.6532	0.0000	-2.7436	0.0000
12.7000	1055.7755	9.8142	8414.5119	4305.4955	0.0000	0.0143	779.2741	25551.5000	8000.0000	0.0000	27916.0000	7000.0000	0.0000	-1.6559	8.9793	-0.0000	18560.7276	-3.4653	0.0000	-2.5930	0.0000
12.8000	1059.7626	9.8969	8517.4689	4329.6707	0.0000	0.0145	777.9351	25516.5000	8000.0000	0.0000	27876.0000	7000.0000	0.0000	-1.5690	8.9732	-0.0000	18418.2601	-3.2794	0.0000	-2.4441	0.0000
12.9000	1063.7232	9.9806	8620.8557	4353.7534	0.0000	0.0147	776.5997	25481.5000	8000.0000	0.0000	27836.0000	7000.0000	0.0000	-1.4827	8.9675	-0.0000	18275.3822	-3.0955	0.0000	-2.2969	0.0000
13.0000	1067.6666	10.0653	8724.6689	4377.7470	0.0000	0.0149	775.2681	25446.5000	8000.0000	0.0000	27796.0000	7000.0000	0.0000	-1.3980	8.9621	-0.0000	18132.0970	-2.9135	0.0000	-2.1514	0.0000
13.1000	1071.5997	10.1511	8828.9059	4401.6551	0.0000	0.0151	773.9403	25411.5000	8000.0000	0.0000	27756.0000	7000.0000	0.0000	-1.3138	8.9572	-0.0000	17988.4065	-2.7334	0.0000	-2.0075	0.0000
13.2000	1075.5222	10.2378	8933.5646	4425.4816	0.0000	0.0152	772.6162	25376.5000	8000.0000	0.0000	27716.0000	7000.0000	0.0000	-1.2302	8.9526	-0.0000	17844.3121	-2.5553	0.0000	-1.8652	0.0000
13.3000	1079.4336	10.3255	9038.6426	4449.2303	0.0000	0.0154	771.2959	25341.5000	8000.0000	0.0000	27676.0000	7000.0000	0.0000	-1.1473	8.9485	-0.0000	17699.8155	-2.3791	0.0000	-1.7246	0.0000
13.4000	1083.3337	10.4140	9144.1378	4472.9048	0.0000	0.0155	769.9793	25306.5000	8000.0000	0.0000	27636.0000	7000.0000	0.0000	-1.0649	8.9447	-0.0000	17554.9184	-2.2049	0.0000	-1.5858	0.0000
13.5000	1087.2220	10.5033	9250.0477	4496.5090	0.0000	0.0157	768.6664	25271.5000	8000.0000	0.0000	27596.0000	7000.0000	0.0000	-0.9832	8.9413	-0.0000	17409.6223	-2.0328	0.0000	-1.4486	0.0000
13.6000	1091.0884	10.5934	9356.3700	4520.0466	0.0000	0.0158	767.3574	25236.5000	8000.0000	0.0000	27556.0000	7000.0000	0.0000	-0.9015	8.9383	-0.0000	17263.9290	-1.8626	0.0000	-1.3131	0.0000
13.7000	1094.9156	10.6842	9463.1004	4543.5209	0.0000	0.0159	766.0520	25201.5000	8000.0000	0.0000	27516.0000	7000.0000	0.0000	-0.8204	8.9356	-0.0000	17117.8421	-1.6946	0.0000	-1.1793	0.0000
13.8000	1098.7033	10.7756	9570.2339	4566.9354	0.0000	0.0160	764.7504	25166.5000	8000.0000	0.0000	27476.0000	7000.0000	0.0000	-0.7402	8.9333	-0.0000	16971.3658	-1.5286	0.0000	-1.0473	0.0000
13.9000	1102.4516	10.8677	9677.7656	4590.2932	0.0000	0.0161	763.4526	25131.5000	8000.0000	0.0000	27436.0000	7000.0000	0.0000	-0.6608	8.9314	-0.0000	16824.5045	-1.3647	0.0000	-0.9170	0.0000
14.0000	1106.1605	10.9603	9785.6906	4613.5975	0.0000	0.0162	762.1585	25096.5000	8000.0000	0.0000	27396.0000	7000.0000	0.0000	-0.5823	8.9299	-0.0000	16677.2626	-1.2029	0.0000	-0.7884	0.0000
14.1000	1109.8298	11.0535	9894.0039	4636.8517	0.0000	0.0163	760.8682	25061.5000	8000.0000	0.0000	27356.0000	7000.0000	0.0000	-0.5047	8.9286	-0.0000	16529.6444	-1.0432	0.0000	-0.6616	0.0000
14.2000	1113.4597	11.1472	10002.7008	4660.0590	0.0000	0.0164	759.5816	25026.5000	8000.0000	0.0000	27316.0000	7000.0000	0.0000	-0.4282	8.9278	-0.0000	16381.6542	-0.8856	0.0000	-0.5372	0.0000
14.3000	1117.0501	11.2414	10111.7762	4683.2226	0.0000	0.0165	758.2987	24991.5000	8000.0000	0.0000	27276.0000	7000.0000	0.0000	-0.3524	8.9273	-0.0000	16233.2964	-0.7300	0.0000	-0.4144	0.0000
14.4000	1120.6011	11.3362	10221.2254	4706.3457	0.0000	0.0166	757.0197	24956.5000	8000.0000	0.0000	27236.0000	7000.0000	0.0000	-0.2775	8.9271	-0.0000	16084.5751	-0.5763	0.0000	-0.2929	0.0000
14.5000	1124.1127	11.4314	10331.0436	4729.4314	0.0000	0.0167	755.7443	24921.5000	8000.0000	0.0000	27196.0000	7000.0000	0.0000	-0.2034	8.9273	-0.0000	15935.4948	-0.4247	0.0000	-0.1726	0.0000
14.6000	1127.5850	11.5271	10441.2259	4752.4831	0.0000	0.0167	754.4727	24886.5000	8000.0000	0.0000	27156.0000	7000.0000	0.0000	-0.1301	8.9278	-0.0000	15786.0596	-0.2750	0.0000	-0.0536	0.0000
14.7000	1131.0179	11.6232	10551.7675	4775.5038	0.0000	0.0168	753.2049	24851.5000	8000.0000	0.0000	27116.0000	7000.0000	0.0000	-0.0577	8.9286	-0.0000	15636.2737	-0.1273	0.0000	0.0642	0.0000
14.8000	1134.4114	11.7195	10662.6638	4798.4967	0.0000	0.0168	751.9408	24816.5000	8000.0000	0.0000	27076.0000	7000.0000	0.0000	0.0138	8.9297	-0.0000	15486.1415	0.0182	0.0000	0.1804	0.0000
14.9000	1137.7550	11.8160	10773.9096	4821.4650	0.0000	0.0168	750.6805	24781.5000	8000.0000	0.0000	27036.0000	7000.0000	0.0000	0.0843	8.9312	-0.0000	15335.6673	0.1617	0.0000	0.2937	0.0000
15.0000	1141.0434	11.9124	10885.4987	4844.4113	0.0000	0.0168	749.4239	24746.5000	8000.0000	0.0000	26996.0000	7000.0000	0.0000	0.1535	8.9330	-0.0000	15184.8568	0.3028	0.0000	0.4053	0.0000
15.1000	1144.2771	12.0087	10997.4249	4867.3385	0.0000	0.0168	748.1710	24711.5000	8000.0000	0.0000	26956.0000	7000.0000	0.0000	0.2215	8.9350	-0.0000	15033.7157	0.4415	0.0000	0.5146	0.0000
15.2000	1147.4565	12.1047	11109.6820	4890.2493	0.0000	0.0167	746.9220	24676.5000	8000.0000	0.0000	26916.0000	7000.0000	0.0000	0.2883	8.9374	-0.0000	14882.2497	0.5778	0.0000	0.6217	0.0000
15.3000	1150.5819	12.2005	11222.2639	4913.1464	0.0000	0.0167	745.6766	24641.5000	8000.0000	0.0000	26876.0000	7000.0000	0.0000	0.3538	8.9401	-0.0000	14730.4644	0.7118	0.0000	0.7266	0.0000
15.4000	1153.6539	12.2960	11335.1645	4936.0324	0.0000	0.0167	744.4350	24606.5000	8000.0000	0.0000	26836.0000	7000.0000	0.0000	0.4182	8.9431	-0.0000	14578.3655	0.8435	0.0000	0.8293	0.0000
15.5000	1156.6727	12.3913	11448.3778	4958.9098	0.0000	0.0166	743.1972	24571.5000	8000.0000	0.0000	26796.0000	7000.0000	0.0000	0.4813	8.9464	-0.0000	14425.9585	0.9728	0.0000	0.9298	0.0000
15.6000	1159.6388	12.4864	11561.8979	4981.7813	0.0000	0.0166	741.9631	24536.5000	8000.0000	0.0000	26756.0000	7000.0000	0.0000	0.5434	8.9499	-0.0000	14273.2489	1.1000	0.0000	1.0300	0.0000
15.7000	1162.5528	12.5814	11675.7189	5004.6493	0.0000	0.0166	740.7328	24501.5000	8000.0000	0.0000	26716.0000	7000.0000	0.0000	0.6044	8.9538	-0.0000	14120.2422	1.2251	0.0000	1.1286	0.0000
15.8000	1165.4150	12.6762	11789.8348	5027.5164	0.0000	0.0165	739.5062	24466.5000	8000.0000	0.0000	26676.0000	7000.0000	0.0000	0.6644	8.9579	-0.0000	13966.9438	1.3481	0.0000	1.2254	0.0000
15.9000	1168.2258	12.7709	11904.2400	5050.3850	0.0000	0.0165	738.2833	24431.5000	8000.0000	0.0000	26636.0000	7000.0000	0.0000	0.7234	8.9623	-0.0000	13813.3590	1.4692	0.0000	1.3205	0.0000
16.0000	1170.9858	12.8655	12018.9287	5073.2576	0.0000	0.0165	737.0643	24396.5000	8000.0000	0.0000	26596.0000	7000.0000	0.0000	0.7813	8.9669	-0.0000	13659.4930	1.5883	0.0000	1.4140	0.0000
16.1000	1173.6955	12.9598	12133.8952	5096.1364	0.0000	0.0164	735.8489	24361.5000	8000.0000	0.0000	26556.0000	7000.0000	0.0000	0.8381	8.9719	-0.0000	13505.3512	1.7054	0.0000	1.5058	0.0000
16.2000	1176.3552	13.0540	12249.1340	5119.0240	0.0000	0.0164	734.6373	24326.5000	8000.0000	0.0000	26516.0000	7000.0000	0.0000	0.8940	8.9771	-0.0000	13350.9388	1.8205	0.0000	1.5961	0.0000
16.3000	1178.9655	13.1478	12364.6394	5141.9226	0.0000	0.0164	733.4295	24291.5000	8000.0000	0.0000	26476.0000	7000.0000	0.0000	0.9487	8.9825	-0.0000	13196.2607	1.9336	0.0000	1.6847	0.0000
16.4000	1181.5248	13.2413	12480.4061	5164.8345	0.0000	0.0163	732.2254	24256.5000	8000.0000	0.0000	26436.0000	7000.0000	0.0000	1.0021	8.9882	-0.0000	13041.3223	2.0448	0.0000	1.7717	0.0000
16.5000	1184.0186	13.3345	12596.4277	5187.7616	0.0000	0.0162	731.0251	24221.5000	8000.0000	0.0000	26396.0000	7000.0000	0.0000	1.0540	8.9941	-0.0000	12886.1290	2.1540	0.0000	1.8573	0.0000
16.6000	1186.4450	13.4274	12712.6971	5210.7059	0.0000	0.0162	729.8285	24186.5000	8000.0000	0.0000	26356.0000	7000.0000	0.0000	1.1048	9.0003	-0.0000	12730.6879	2.2613	0.0000	1.9414	0.0000
16.7000	1188.8048	13.5199	12829.2070	5233.6689	0.0000	0.0161	728.6356	24151.5000	8000.0000	0.0000	26316.0000	7000.0000	0.0000	1.1545	9.0068	-0.0000	12575.0058	2.3668	0.0000	2.0241	0.0000
16.8000	1191.0991	13.6121	12945.9503	5256.6524	0.0000	0.0161	727.4466	24116.5000	8000.0000	0.0000	26276.0000	7000.0000	0.0000	1.2032	9.0134	-0.0000	12419.0893	2.4704	0.0000	2.1054	0.0000
16.9000	1193.3289	13.7040	13062.9202	5279.6580	0.0000	0.0160	726.2612	24081.5000	8000.0000	0.0000	26236.0000	7000.0000	0.0000	1.2508	9.0203	-0.0000	12262.9452	2.5723	0.0000	2.1853	0.0000
17.0000	1195.4951	13.7956	13180.1097	5302.6873	0.0000	0.0160	725.0796	24046.5000	8000.0000	0.0000	26196.0000	7000.0000	0.0000	1.2975	9.0275	-0.0000	12106.5800	2.6725	0.0000	2.2638	0.0000
17.1000	1197.5988	13.8869	13297.5122	5325.7419	0.0000	0.0159	723.9018	24011.5000	8000.0000	0.0000	26156.0000	7000.0000	0.0000	1.3431	9.0348	-0.0000	11950.0001	2.7710	0.0000	2.3411	0.0000
17.2000	1199.6409	13.9779	13415.1210	5348.8232	0.0000	0.0159	722.7277	23976.5000	8000.0000	0.0000	26116.0000	7000.0000	0.0000	1.3878	9.0424	-0.0000	11793.2118	2.8679	0.0000	2.4171	0.0000
17.3000	1201.6224	14.0687	13532.9295	5371.9328	0.0000	0.0158	721.5574	23941.5000	8000.0000	0.0000	26076.0000	7000.0000	0.0000	1.4315	9.0502	-0.0000	11636.2214	2.9631	0.0000	2.4918	0.0000
17.4000	1203.5442	14.1591	13650.9314	5395.0723	0.0000	0.0158	720.3908	23906.5000	8000.0000	0.0000	26036.0000	7000.0000	0.0000	1.4743	9.0583	-0.0000	11479.0349	3.0569	0.0000	2.5654	0.0000
17.5000	1205.4092	14.2493	13769.1203	5418.2429	0.0000	0.0157	719.2279	23871.5000	8000.0000	0.0000	25996.0000	7000.0000	0.0000	1.5166	9.0665	-0.0000	11321.6585	3.1491	0.0000	2.6378	0.0000
17.6000	1207.2258	14.3393	13887.4906	5441.4462	0.0000	0.0157	718.0689	23836.5000	8000.0000	0.0000	25956.0000	7000.0000	0.0000	1.5582	9.0750	-0.0000	11164.0976	3.2399	0.0000	2.7089	0.0000
17.7000	1208.9956	14.4290	14006.0371	5464.6839	0.0000	0.0156	716.9135	23801.5000	8000.0000	0.0000	25916.0000	7000.0000	0.0000	1.5990	9.0836	-0.0000	11006.3570	3.3291	0.0000	2.7788	0.0000
17.8000	1210.7193	14.5184	14124.7548	5487.9576	0.0000	0.0156	715.7619	23766.5000	8000.0000	0.0000	25876.0000	7000.0000	0.0000	1.6389	9.0925	-0.0000	10848.4414	3.4169	0.0000	2.8476	0.0000
17.9000	1212.3976	14.6076	14243.6387	5511.2688	0.0000	0.0155	714.6141	23731.5000	8000.0000	0.0000	25836.0000	7000.0000	0.0000	1.6780	9.1016	-0.0000	10690.3557	3.5033	0.0000	2.9152	0.0000
18.0000	1214.0313	14.6964	14362.6839	5534.6190	0.0000	0.0155	713.4700	23696.5000	8000.0000	0.0000	25796.0000	7000.0000	0.0000	1.7162	9.1109	-0.0000	10532.1042	3.5882	0.0000	2.9817	0.0000
18.1000	1215.6209	14.7849	14481.8856	5558.0098	0.0000	0.0154	712.3297	23661.5000	8000.0000	0.0000	25756.0000	7000.0000	0.0000	1.7536	9.1204	-0.0000	10373.6917	3.6717	0.0000	3.0471	0.0000
18.2000	1217.1672	14.8732	14601.2391	5581.4426	0.0000	0.0154	711.1931	23626.5000	8000.0000	0.0000	25716.0000	7000.0000	0.0000	1.7902	9.1301	-0.0000	10215.1225	3.7539	0.0000	3.1114	0.0000
18.3000	1218.6709	14.9611	14720.7397	5604.9187	0.0000	0.0153	710.0602	23591.5000	8000.0000	0.0000	25676.0000	7000.0000	0.0000	1.8261	9.1400	-0.0000	10056.4011	3.8346	0.0000	3.1746	0.0000
18.4000	1220.1567	14.6219	14840.3844	5628.4343	0.0000	-0.1958	708.9312	23556.5000	8000.0000	0.0000	25636.0000	7000.0000	0.0000	1.5280	7.2422	-0.0000	10898.5347	3.6046	0.0000	-2.8276	0.0000
18.5000	1221.7950	13.2073	14960.1814	5651.9688	0.0000	-0.2809	707.8058	23521.5000	8000.0000	0.0000	25596.0000	7000.0000	0.0000	0.9843	7.2251	-0.0000	10737.0623	2.2578	0.0000	-1.2765	0.0000
18.6000	1223.6886	11.5965	15080.1598	5675.4984	0.0000	-0.2730	706.6842	23486.5000	8000.0000	0.0000	25556.0000	7000.0000	0.0000	0.2601	7.2077	-0.0000	10575.4145	0.6724	0.0000	-1.4459	0.0000
18.7000	1225.6229	10.1113	15200.3429	5698.9844	0.0000	-0.2395	705.5664	23451.5000	8000.0000	0.0000	25516.0000	7000.0000	0.0000	-0.4230	7.1900	-0.0000	10413.5710	-0.7835	0.0000	-1.9899	0.0000
18.8000	1227.4448	8.8438	15320.7351	5722.3851	0.0000	-0.1990	704.4523	23416.5000	8000.0000	0.0000	25476.0000	7000.0000	0.0000	-0.9975	7.1724	-0.0000	10251.5310	-2.0084	0.0000	-2.5895	0.0000
18.9000	1229.0372	7.8026	15441.3277	5745.6628	0.0000	-0.1613	703.3420	23381.5000	8000.0000	0.0000	25436.0000	7000.0000	0.0000	-1.4453	7.1550	-0.0000	10089.3065	-2.9910	0.0000	-3.0982	0.0000
19.0000	1230.3959	6.9673	15562.1002	5768.7855	0.0000	-0.1276	702.2354	23346.5000	8000.0000	0.0000	25396.0000	7000.0000	0.0000	-1.7897	7.1380	-0.0000	9926.9213	-3.7542	0.0000	-3.4816	0.0000
19.1000	1231.6143	6.3141	15683.0386	5791.7288	0.0000	-0.0981	701.1325	23311.5000	8000.0000	0.0000	25356.0000	7000.0000	0.0000	-2.0434	7.1217	-0.0000	9764.3934	-4.3244	0.0000	-3.7471	0.0000
19.2000	1232.7232	5.8200	15804.1329	5814.4750	0.0000	-0.0724	700.0335	23276.5000	8000.0000	0.0000	25316.0000	7000.0000	0.0000	-2.2193	7.1060	-0.0000	9601.7348	-4.7274	0.0000	-3.9079	0.0000
19.3000	1233.7508	5.4638	15925.3752	5837.0116	0.0000	-0.0502	698.9381	23241.5000	8000.0000	0.0000	25276.0000	7000.0000	0.0000	-2.3295	7.0912	-0.0000	9438.9552	-4.9865	0.0000	-3.9779	0.0000
19.4000	1234.7207	5.2269	16046.7595	5859.3306	0.0000	-0.0310	697.8465	23206.5000	8000.0000	0.0000	25236.0000	7000.0000	0.0000	-2.3837	7.0773	-0.0000	9276.0615	-5.1223	0.0000	-3.9698	0.0000
19.5000	1235.6545	5.0929	16168.2811	5881.4275	0.0000	-0.0145	696.7587	23171.5000	8000.0000	0.0000	25196.0000	7000.0000	0.0000	-2.3911	7.0644	-0.0000	9113.0590	-5.1528	0.0000	-3.8953	0.0000
19.6000	1236.5723	5.0476	16289.9371	5903.3012	0.0000	-0.0003	695.6746	23136.5000	8000.0000	0.0000	25156.0000	7000.0000	0.0000	-2.3588	7.0526	-0.0000	8949.9508	-5.0938	0.0000	-3.7645	0.0000
19.7000	1237.4907	5.0783	16411.7259	5924.9531	0.0000	0.0119	694.5943	23101.5000	8000.0000	0.0000	25116.0000	7000.0000	0.0000	-2.2930	7.0418	-0.0000	8786.7382	-4.9588	0.0000	-3.5863	0.0000
19.8000	1238.4212	5.1744	16533.6469	5946.3871	0.0000	0.0224	693.5177	23066.5000	8000.0000	0.0000	25076.0000	7000.0000	0.0000	-2.1985	7.0322	-0.0000	8623.4215	-4.7599	0.0000	-3.3684	0.0000
19.9000	1239.3732	5.3263	16655.7005	5967.6088	0.0000	0.0313	692.4448	23031.5000	8000.0000	0.0000	25036.0000	7000.0000	0.0000	-2.0802	7.0238	-0.0000	8459.9996	-4.5073	0.0000	-3.1177	0.0000
20.0000	1240.3545	5.5259	16777.8874	5988.6254	0.0000	0.0389	691.3758	22996.5000	8000.0000	0.0000	24996.0000	7000.0000	0.0000	-1.9418	7.0166	-0.0000	8296.4708	-4.2099	0.0000	-2.8399	0.0000
20.1000	1241.3709	5.7659	16900.2090	6009.4455	0.0000	0.0453	690.3104	22961.5000	8000.0000	0.0000	24956.0000	7000.0000	0.0000	-1.7866	7.0105	-0.0000	8132.8326	-3.8757	0.0000	-2.5402	0.0000
20.2000	1242.4265	6.0400	17022.6671	6030.0788	0.0000	0.0507	689.2488	22926.5000	8000.0000	0.0000	24916.0000	7000.0000	0.0000	-1.6177	7.0057	-0.0000	7969.0822	-3.5113	0.0000	-2.2233	0.0000
20.3000	1243.5241	6.3428	17145.2637	6050.5360	0.0000	0.0553	688.1910	22891.5000	8000.0000	0.0000	24876.0000	7000.0000	0.0000	-1.4376	7.0021	-0.0000	7805.2162	-3.1227	0.0000	-1.8930	0.0000
20.4000	1244.6883	6.6694	17268.0016	6070.8285	0.0000	0.0590	687.1369	22856.5000	8000.0000	0.0000	24836.0000	7000.0000	0.0000	-1.2506	6.9997	-0.0000	7641.2306	-2.7151	0.0000	-1.5527	0.0000
20.5000	1245.9442	7.0155	17390.8866	6090.9687	0.0000	0.0620	686.0866	22821.5000	8000.0000	0.0000	24796.0000	7000.0000	0.0000	-1.0561	6.9985	-0.0000	7477.1183	-2.2931	0.0000	-1.2057	0.0000
20.6000	1247.2865	7.3774	17513.9258	6110.9697	0.0000	0.0644	685.0400	22786.5000	8000.0000	0.0000	24756.0000	7000.0000	0.0000	-0.8548	6.9985	-0.0000	7312.8709	-1.8606	0.0000	-0.8546	0.0000
20.7000	1248.6522	7.7516	17637.1230	6130.8446	0.0000	0.0663	683.9971	22751.5000	8000.0000	0.0000	24716.0000	7000.0000	0.0000	-0.6480	6.9997	-0.0000	7148.4822	-1.4213	0.0000	-0.5020	0.0000
20.8000	1250.0229	8.1352	17760.4770	6150.6061	0.0000	0.0676	682.9581	22716.5000	8000.0000	0.0000	24676.0000	7000.0000	0.0000	-0.4396	7.0019	-0.0000	6983.9517	-0.9786	0.0000	-0.1496	0.0000
20.9000	1251.3964	8.5256	17883.9860	6170.2671	0.0000	0.0687	681.9227	22681.5000	8000.0000	0.0000	24636.0000	7000.0000	0.0000	-0.2308	7.0054	-0.0000	6819.2795	-0.5347	0.0000	0.2051	0.0000
21.0000	1252.7707	8.9218	18007.6481	6189.8402	0.0000	0.0696	680.8911	22646.5000	8000.0000	0.0000	24596.0000	7000.0000	0.0000	-0.0218	7.0099	-0.0000	6654.4662	-0.0911	0.0000	0.5580	0.0000
21.1000	1254.1233	9.3215	18131.4606	6209.3384	0.0000	0.0698	679.8633	22611.5000	8000.0000	0.0000	24556.0000	7000.0000	0.0000	0.1855	7.0154	-0.0000	6489.5125	0.3503	0.0000	0.8932	0.0000
21.2000	1255.4166	9.7202	18255.4172	6228.7737	0.0000	0.0693	678.8392	22576.5000	8000.0000	0.0000	24516.0000	7000.0000	0.0000	0.3883	7.0220	-0.0000	6324.4229	0.7852	0.0000	1.2207	0.0000
21.3000	1256.6492	10.1148	18379.5100	6248.1578	0.0000	0.0684	677.8189	22541.5000	8000.0000	0.0000	24476.0000	7000.0000	0.0000	0.5858	7.0296	-0.0000	6159.2039	1.2104	0.0000	1.5459	0.0000
21.4000	1257.8205	10.5047	18503.7310	6267.5019	0.0000	0.0676	676.8023	22506.5000	8000.0000	0.0000	24436.0000	7000.0000	0.0000	0.7777	7.0382	-0.0000	5993.8619	1.6253	0.0000	1.8657	0.0000
21.5000	1258.9296	10.8897	18628.0722	6286.8170	0.0000	0.0667	675.7894	22471.5000	8000.0000	0.0000	24396.0000	7000.0000	0.0000	0.9635	7.0476	-0.0000	5828.4037	2.0298	0.0000	2.1745	0.0000
21.6000	1259.9289	11.2691	18752.5242	6306.1134	0.0000	0.0656	674.7804	22436.5000	8000.0000	0.0000	24356.0000	7000.0000	0.0000	1.1401	7.0580	-0.0000	5662.8370	2.4237	0.0000	2.4740	0.0000
21.7000	1260.7909	11.6422	18877.0726	6325.3999	0.0000	0.0645	673.7750	22401.5000	8000.0000	0.0000	24316.0000	7000.0000	0.0000	1.3095	7.0692	-0.0000	5497.1746	2.8064	0.0000	2.7647	0.0000
21.8000	1261.5206	12.0087	19001.7023	6344.6849	0.0000	0.0633	672.7734	22366.5000	8000.0000	0.0000	24276.0000	7000.0000	0.0000	1.4724	7.0813	-0.0000	5331.4306	3.1778	0.0000	3.0464	0.0000
21.9000	1262.1510	12.3680	19126.4000	6363.9765	0.0000	0.0620	671.7756	22331.5000	8000.0000	0.0000	24236.0000	7000.0000	0.0000	1.6304	7.0941	-0.0000	5165.6175	3.5376	0.0000	3.3187	0.0000
22.0000	1262.6960	12.7201	19251.1553	6383.2830	0.0000	0.0607	670.7815	22296.5000	8000.0000	0.0000	24196.0000	7000.0000	0.0000	1.7818	7.1078	-0.0000	4999.7448	3.8857	0.0000	3.5814	0.0000
22.1000	1263.1576	13.0645	19375.9583	6402.6124	0.0000	0.0594	669.7912	22261.5000	8000.0000	0.0000	24156.0000	7000.0000	0.0000	1.9266	7.1222	-0.0000	4833.8212	4.2221	0.0000	3.8348	0.0000
22.2000	1263.5380	13.4012	19500.7996	6421.9724	0.0000	0.0580	668.8046	22226.5000	8000.0000	0.0000	24116.0000	7000.0000	0.0000	2.0650	7.1373	-0.0000	4667.8554	4.5468	0.0000	4.0789	0.0000
22.3000	1263.8394	13.7299	19625.6700	6441.3700	0.0000	0.0566	667.8217	22191.5000	8000.0000	0.0000	24076.0000	7000.0000	0.0000	2.1970	7.1530	-0.0000	4501.8557	4.8597	0.0000	4.3140	0.0000
22.4000	1264.0633	14.0507	19750.5604	6460.8123	0.0000	0.0552	666.8427	22156.5000	8000.0000	0.0000	24036.0000	7000.0000	0.0000	2.3225	7.1695	-0.0000	4335.8300	5.1611	0.0000	4.5403	0.0000
22.5000	1264.2081	14.3636	19875.4618	6480.3056	0.0000	0.0539	665.8673	22121.5000	8000.0000	0.0000	23996.0000	7000.0000	0.0000	2.4417	7.1866	-0.0000	4169.7866	5.4512	0.0000	4.7581	0.0000
22.6000	1264.2763	14.6687	20000.3656	6499.8560	0.0000	0.0525	664.8957	22086.5000	8000.0000	0.0000	23956.0000	7000.0000	0.0000	2.5551	7.2043	-0.0000	4003.7333	5.7302	0.0000	4.9679	0.0000
22.7000	1264.2705	14.9662	20125.2630	6519.4690	0.0000	0.0512	663.9279	22051.5000	8000.0000	0.0000	23916.0000	7000.0000	0.0000	2.6628	7.2227	-0.0000	3837.6781	5.9986	0.0000	5.1700	0.0000
22.8000	1264.1933	15.2565	20250.1458	6539.1501	0.0000	0.0500	662.9638	22016.5000	8000.0000	0.0000	23876.0000	7000.0000	0.0000	2.7651	7.2416	-0.0000	3671.6285	6.2569	0.0000	5.3649	0.0000
22.9000	1264.0476	15.5400	20375.0061	6558.9043	0.0000	0.0488	662.0035	21981.5000	8000.0000	0.0000	23836.0000	7000.0000	0.0000	2.8624	7.2611	-0.0000	3505.5917	6.5055	0.0000	5.5530	0.0000
23.0000	1263.8358	15.8170	20499.8363	6578.7364	0.0000	0.0478	661.0469	21946.5000	8000.0000	0.0000	23796.0000	7000.0000	0.0000	2.9550	7.2811	-0.0000	3339.5747	6.7449	0.0000	5.7349	0.0000
23.1000	1263.5604	16.0881	20624.6290	6598.6508	0.0000	0.0468	660.0940	21911.5000	8000.0000	0.0000	23756.0000	7000.0000	0.0000	3.0431	7.3017	-0.0000	3173.5841	6.9760	0.0000	5.9112	0.0000
23.2000	1263.2239	16.3539	20749.3772	6618.6519	0.0000	0.0459	659.1450	21876.5000	8000.0000	0.0000	23716.0000	7000.0000	0.0000	3.1271	7.3228	-0.0000	3007.6265	7.1992	0.0000	6.0827	0.0000
23.3000	1262.8284	16.6150	20874.0740	6638.7435	0.0000	0.0452	658.1996	21841.5000	8000.0000	0.0000	23676.0000	7000.0000	0.0000	3.2074	7.3445	-0.0000	2841.7081	7.4154	0.0000	6.2502	0.0000
23.4000	1262.3760	16.8722	20998.7129	6658.9296	0.0000	0.0446	657.2580	21806.5000	8000.0000	0.0000	23636.0000	7000.0000	0.0000	3.2845	7.3667	-0.0000	2675.8349	7.6255	0.0000	6.4145	0.0000
23.5000	1261.8686	17.1263	21123.2875	6679.2137	0.0000	0.0441	656.3202	21771.5000	8000.0000	0.0000	23596.0000	7000.0000	0.0000	3.3586	7.3894	-0.0000	2510.0128	7.8304	0.0000	6.5767	0.0000
23.6000	1261.3085	17.3784	21247.7917	6699.5994	0.0000	0.0439	655.3861	21736.5000	8000.0000	0.0000	23556.0000	7000.0000	0.0000	3.4310	7.4127	-0.0000	2344.2472	8.0311	0.0000	6.7381	0.0000
23.7000	1260.7180	17.6297	21372.2202	6720.0900	0.0000	0.0438	654.4558	21701.5000	8000.0000	0.0000	23516.0000	7000.0000	0.0000	3.5054	7.4365	-0.0000	2178.5432	8.2288	0.0000	6.8979	0.0000
23.8000	1260.1072	17.8811	21496.5700	6740.6898	0.0000	0.0439	653.5292	21666.5000	8000.0000	0.0000	23476.0000	7000.0000	0.0000	3.5783	7.4609	-0.0000	2012.9033	8.4244	0.0000	7.0568	0.0000
23.9000	1259.4762	18.1334	21620.8381	6761.4028	0.0000	0.0442	652.6063	21631.5000	8000.0000	0.0000	23436.0000	7000.0000	0.0000	3.6503	7.4859	-0.0000	1847.3298	8.6188	0.0000	7.2165	0.0000
24.0000	1258.8250	18.3875	21745.0217	6782.2329	0.0000	0.0446	651.6873	21596.5000	8000.0000	0.0000	23396.0000	7000.0000	0.0000	3.7216	7.5115	-0.0000	1681.8250	8.8130	0.0000	7.3788	0.0000
24.1000	1258.1537	18.6448	21869.1179	6803.1841	0.0000	0.0453	650.7719	21561.5000	8000.0000	0.0000	23356.0000	7000.0000	0.0000	3.7928	7.5376	-0.0000	1516.3910	9.0080	0.0000	7.5459	0.0000
24.2000	1257.4621	18.9069	21993.1240	6824.2603	0.0000	0.0463	649.8603	21526.5000	8000.0000	0.0000	23316.0000	7000.0000	0.0000	3.8647	7.5645	-0.0000	1351.0301	9.2056	0.0000	7.7211	0.0000
24.3000	1256.7499	19.1762	22117.0370	6845.4656	0.0000	0.0479	648.9525	21491.5000	8000.0000	0.0000	23276.0000	7000.0000	0.0000	3.9382	7.5921	-0.0000	1185.7446	9.4080	0.0000	7.9098	0.0000
24.4000	1256.0163	19.4565	22240.8539	6866.8038	0.0000	0.0503	648.0484	21456.5000	8000.0000	0.0000	23236.0000	7000.0000	0.0000	4.0150	7.6206	-0.0000	1020.5368	9.6188	0.0000	8.1209	0.0000
24.5000	1255.2605	19.7538	22364.5717	6888.2794	0.0000	0.0541	647.1481	21421.5000	8000.0000	0.0000	23196.0000	7000.0000	0.0000	4.0977	7.6501	-0.0000	855.4091	9.8436	0.0000	8.3716	0.0000
24.6000	1254.4803	20.0785	22488.1868	6909.8969	0.0000	0.0604	646.2515	21386.5000	8000.0000	0.0000	23156.0000	7000.0000	0.0000	4.1910	7.6809	-0.0000	690.3641	10.0918	0.0000	8.6990	0.0000
24.7000	1253.6723	20.4507	22611.6957	6931.6617	0.0000	0.0719	645.3586	21351.5000	8000.0000	0.0000	23116.0000	7000.0000	0.0000	4.3046	7.7137	-0.0000	525.4046	10.3818	0.0000	9.1999	0.0000
24.8000	1252.8288	20.9175	22735.0938	6953.5803	0.0000	0.0973	644.4696	21316.5000	8000.0000	0.0000	23076.0000	7000.0000	0.0000	4.4649	7.7501	-0.0000	360.5341	10.7554	0.0000	10.2187	0.0000
24.9000	1251.9280	21.6317	22858.3746	6975.6630	0.0000	0.1792	643.5842	21281.5000	8000.0000	0.0000	23036.0000	7000.0000	0.0000	4.7890	7.7958	-0.0000	195.7572	11.3424	0.0000	13.9692	0.0000
25.0000	1250.8449	23.6335	22981.5229	6997.9379	0.0000	0.6671	642.7026	21246.5000	8000.0000	0.0000	22996.0000	7000.0000	0.0000	5.8776	7.9519	-0.0000	31.0838	12.9794	0.0000	30.0000	0.0000
25.0100	1250.7183	24.0158	22993.8290	7000.1787	0.0000	0.7243	642.6147	21243.0000	8000.0000	0.0000	22992.0000	7000.0000	0.0000	5.9966	8.1064	-0.0000	14.6232	13.3137	0.0000	30.0000	0.0000
