0	350.966	45.0000	2.4749	2.4749	0.0000	0.0000	979.8183	29996.5000	8000.0000	0.0000	32996.0000	7000.0000	0.0000	-0.0000	45.0000	-0.0000	30000.0000	-0.0000	0.0000	0.0000	0.0000
0.1000	360.5789	45.0003	27.6252	27.5713	0.0000	0.0002	978.0029	29961.5000	8000.0000	0.0000	32956.0000	7000.0000	0.0000	0.0477	45.0001	-0.0000	29964.5664	0.1104	0.0000	0.1608	0.0000
0.2000	370.1084	45.0022	53.5012	53.2961	0.0000	0.0005	976.1913	29926.5000	8000.0000	0.0000	32916.0000	7000.0000	0.0000	0.0934	45.0003	-0.0000	29928.1745	0.2157	0.0000	0.2961	0.0000
0.3000	379.5542	45.0062	80.0964	79.6435	0.0000	0.0010	974.3835	29891.5000	8000.0000	0.0000	32876.0000	7000.0000	0.0000	0.1376	45.0006	-0.0000	29890.8329	0.3172	0.0000	0.4178	0.0000
0.4000	388.9280	45.0128	107.4049	106.6084	0.0000	0.0014	972.5794	29856.5000	8000.0000	0.0000	32836.0000	7000.0000	0.0000	0.1808	45.0010	-0.0000	29852.5496	0.4156	0.0000	0.5322	0.0000
0.5000	398.2305	45.0219	135.4210	134.1861	0.0000	0.0018	970.7791	29821.5000	8000.0000	0.0000	32796.0000	7000.0000	0.0000	0.2231	45.0016	-0.0000	29813.3319	0.5111	0.0000	0.6428	0.0000
0.6000	407.4609	45.0333	164.1392	162.3720	0.0000	0.0022	968.9825	29786.5000	8000.0000	0.0000	32756.0000	7000.0000	0.0000	0.2645	45.0023	-0.0000	29773.1869	0.6041	0.0000	0.7516	0.0000
0.7000	416.6180	45.0469	193.5535	191.1617	0.0000	0.0026	967.1896	29751.5000	8000.0000	0.0000	32716.0000	7000.0000	0.0000	0.3047	45.0032	-0.0000	29732.1221	0.6945	0.0000	0.8536	0.0000
0.8000	425.7006	45.0624	223.6581	220.5503	0.0000	0.0029	965.4006	29716.5000	8000.0000	0.0000	32676.0000	7000.0000	0.0000	0.3438	45.0041	-0.0000	29690.1449	0.7825	0.0000	0.9528	0.0000
0.9000	434.7076	45.0796	254.4471	250.5332	0.0000	0.0031	963.6152	29681.5000	8000.0000	0.0000	32636.0000	7000.0000	0.0000	0.3821	45.0052	-0.0000	29647.2628	0.8680	0.0000	1.0498	0.0000
1.0000	443.6381	45.0982	285.9142	281.1058	0.0000	0.0034	961.8336	29646.5000	8000.0000	0.0000	32596.0000	7000.0000	0.0000	0.4194	45.0065	-0.0000	29603.4835	0.9510	0.0000	1.1444	0.0000
1.1000	452.4912	45.1181	318.0534	312.2632	0.0000	0.0036	960.0558	29611.5000	8000.0000	0.0000	32556.0000	7000.0000	0.0000	0.4557	45.0078	-0.0000	29558.8146	1.0316	0.0000	1.2372	0.0000
1.2000	461.2661	45.1390	350.8584	344.0007	0.0000	0.0038	958.2817	29576.5000	8000.0000	0.0000	32516.0000	7000.0000	0.0000	0.4911	45.0093	-0.0000	29513.2641	1.1098	0.0000	1.3283	0.0000
1.3000	469.9618	45.1610	384.3227	376.3135	0.0000	0.0039	956.5114	29541.5000	8000.0000	0.0000	32476.0000	7000.0000	0.0000	0.5255	45.0108	-0.0000	29466.8397	1.1857	0.0000	1.4173	0.0000
1.4000	478.5778	45.1837	418.4401	409.1966	0.0000	0.0040	954.7448	29506.5000	8000.0000	0.0000	32436.0000	7000.0000	0.0000	0.5591	45.0126	-0.0000	29419.5495	1.2592	0.0000	1.5043	0.0000
1.5000	487.1134	45.2072	453.2039	442.6454	0.0000	0.0042	952.9819	29471.5000	8000.0000	0.0000	32396.0000	7000.0000	0.0000	0.5917	45.0144	-0.0000	29371.4015	1.3306	0.0000	1.5892	0.0000
1.6000	495.5678	45.2313	488.6077	476.6548	0.0000	0.0043	951.2229	29436.5000	8000.0000	0.0000	32356.0000	7000.0000	0.0000	0.6234	45.0163	-0.0000	29322.4037	1.3997	0.0000	1.6721	0.0000
1.7000	503.9406	45.2560	524.6449	511.2199	0.0000	0.0043	949.4675	29401.5000	8000.0000	0.0000	32316.0000	7000.0000	0.0000	0.6543	45.0184	-0.0000	29272.5644	1.4667	0.0000	1.7531	0.0000
1.8000	512.2336	45.2811	561.3089	546.3358	0.0000	0.0044	947.7159	29366.5000	8000.0000	0.0000	32276.0000	7000.0000	0.0000	0.6845	45.0205	-0.0000	29221.8916	1.5317	0.0000	1.8248	0.0000
1.9000	520.4589	45.3066	598.5936	581.9981	0.0000	0.0045	945.9681	29331.5000	8000.0000	0.0000	32236.0000	7000.0000	0.0000	0.7141	45.0228	-0.0000	29170.3930	1.5946	0.0000	1.8858	0.0000
2.0000	528.6190	45.3324	636.4934	618.2030	0.0000	0.0045	944.2240	29296.5000	8000.0000	0.0000	32196.0000	7000.0000	0.0000	0.7429	45.0252	-0.0000	29118.0752	1.6556	0.0000	1.9438	0.0000
2.1000	536.7144	45.3586	675.0028	654.9468	0.0000	0.0046	942.4837	29261.5000	8000.0000	0.0000	32156.0000	7000.0000	0.0000	0.7710	45.0277	-0.0000	29064.9446	1.7147	0.0000	1.9992	0.0000
2.2000	544.7459	45.3850	714.1166	692.2257	0.0000	0.0046	940.7471	29226.5000	8000.0000	0.0000	32116.0000	7000.0000	0.0000	0.7984	45.0303	-0.0000	29011.0077	1.7719	0.0000	2.0520	0.0000
2.3000	552.7141	45.4117	753.8293	730.0362	0.0000	0.0047	939.0142	29191.5000	8000.0000	0.0000	32076.0000	7000.0000	0.0000	0.8251	45.0330	-0.0000	28956.2709	1.8273	0.0000	2.1024	0.0000
2.4000	560.6199	45.4385	794.1356	768.3748	0.0000	0.0047	937.2852	29156.5000	8000.0000	0.0000	32036.0000	7000.0000	0.0000	0.8511	45.0358	-0.0000	28900.7405	1.8810	0.0000	2.1504	0.0000
2.5000	568.4639	45.4655	835.0302	807.2378	0.0000	0.0047	935.5598	29121.5000	8000.0000	0.0000	31996.0000	7000.0000	0.0000	0.8764	45.0387	-0.0000	28844.4227	1.9331	0.0000	2.1962	0.0000
2.6000	576.2471	45.4927	876.5080	846.6219	0.0000	0.0047	933.8382	29086.5000	8000.0000	0.0000	31956.0000	7000.0000	0.0000	0.9011	45.0418	-0.0000	28787.3236	1.9834	0.0000	2.2398	0.0000
2.7000	583.9691	45.5198	918.5638	886.5236	0.0000	0.0048	932.1204	29051.5000	8000.0000	0.0000	31916.0000	7000.0000	0.0000	0.9250	45.0449	-0.0000	28729.4493	2.0322	0.0000	2.2813	0.0000
2.8000	591.6282	45.5471	961.1923	926.9394	0.0000	0.0048	930.4063	29016.5000	8000.0000	0.0000	31876.0000	7000.0000	0.0000	0.9483	45.0481	-0.0000	28670.8059	2.0795	0.0000	2.3208	0.0000
2.9000	599.2250	45.5744	1004.3883	967.8659	0.0000	0.0048	928.6960	28981.5000	8000.0000	0.0000	31836.0000	7000.0000	0.0000	0.9709	45.0514	-0.0000	28611.3997	2.1252	0.0000	2.3585	0.0000
3.0000	606.7604	45.6017	1048.1465	1009.2994	0.0000	0.0048	926.9894	28946.5000	8000.0000	0.0000	31796.0000	7000.0000	0.0000	0.9930	45.0548	-0.0000	28551.2369	2.1695	0.0000	2.3940	0.0000
3.1000	614.2699	44.4081	1092.4724	1051.2270	0.0000	-0.3840	925.2865	28911.5000	8000.0000	0.0000	31756.0000	7000.0000	0.0000	0.3684	13.0004	-0.0000	30018.9155	1.2302	0.0000	-17.7705	0.0000
3.2000	621.7697	41.8801	1137.3877	1093.6242	0.0000	-0.4822	923.5875	28876.5000	8000.0000	0.0000	31716.0000	7000.0000	0.0000	-0.6640	12.9569	-0.0000	29929.1525	-1.1558	0.0000	-13.7791	0.0000
3.3000	629.0730	39.0903	1182.9224	1136.4483	0.0000	-0.4840	921.8921	28841.5000	8000.0000	0.0000	31676.0000	7000.0000	0.0000	-1.8475	12.9125	-0.0000	29838.7095	-3.8116	0.0000	-13.8742	0.0000
3.4000	636.0574	36.3783	1229.0996	1179.6335	0.0000	-0.4578	920.2005	28806.5000	8000.0000	0.0000	31636.0000	7000.0000	0.0000	-2.9739	12.8675	-0.0000	29747.5781	-6.3527	0.0000	-15.0390	0.0000
3.5000	642.7275	33.8405	1275.9382	1223.1123	0.0000	-0.4243	918.5127	28771.5000	8000.0000	0.0000	31596.0000	7000.0000	0.0000	-3.9940	12.8219	-0.0000	29655.7553	-8.6750	0.0000	-16.3946	0.0000
3.6000	649.1858	31.4982	1323.4563	1266.8232	0.0000	-0.3901	916.8286	28736.5000	8000.0000	0.0000	31556.0000	7000.0000	0.0000	-4.9157	12.7759	-0.0000	29563.2381	-10.7582	0.0000	-17.6770	0.0000
3.7000	655.4566	29.3484	1371.6744	1310.7134	0.0000	-0.3574	915.1483	28701.5000	8000.0000	0.0000	31516.0000	7000.0000	0.0000	-5.7287	12.7295	-0.0000	29470.0185	-12.6093	0.0000	-18.8126	0.0000
3.8000	661.5372	27.3807	1420.6091	1354.7335	0.0000	-0.3268	913.4717	28666.5000	8000.0000	0.0000	31476.0000	7000.0000	0.0000	-6.4408	12.6829	-0.0000	29376.0912	-14.2440	0.0000	-19.7894	0.0000
3.9000	667.4305	25.5828	1470.2726	1398.8378	0.0000	-0.2983	911.7988	28631.5000	8000.0000	0.0000	31436.0000	7000.0000	0.0000	-7.0608	12.6361	-0.0000	29281.4538	-15.6794	0.0000	-20.6150	0.0000
4.0000	673.1434	23.9422	1520.6742	1442.9839	0.0000	-0.2720	910.1298	28596.5000	8000.0000	0.0000	31396.0000	7000.0000	0.0000	-7.5976	12.5893	-0.0000	29186.1066	-16.9324	0.0000	-21.3016	0.0000
4.1000	678.6859	22.4471	1571.8200	1487.1329	0.0000	-0.2478	908.4644	28561.5000	8000.0000	0.0000	31356.0000	7000.0000	0.0000	-8.0594	12.5425	-0.0000	29090.0516	-18.0189	0.0000	-21.8624	0.0000
4.2000	684.0697	21.0862	1623.7139	1531.2493	0.0000	-0.2254	906.8028	28526.5000	8000.0000	0.0000	31316.0000	7000.0000	0.0000	-8.4539	12.4957	-0.0000	28993.2923	-18.9537	0.0000	-22.3098	0.0000
4.3000	689.3077	19.8487	1676.3580	1575.3010	0.0000	-0.2048	905.1450	28491.5000	8000.0000	0.0000	31276.0000	7000.0000	0.0000	-8.7881	12.4490	-0.0000	28895.8334	-19.7505	0.0000	-22.6552	0.0000
4.4000	694.4135	18.7248	1729.7527	1619.2589	0.0000	-0.1859	903.4909	28456.5000	8000.0000	0.0000	31236.0000	7000.0000	0.0000	-9.0683	12.4026	-0.0000	28797.6802	-20.4220	0.0000	-22.9092	0.0000
4.5000	699.4005	17.7050	1783.8975	1663.0968	0.0000	-0.1686	901.8406	28421.5000	8000.0000	0.0000	31196.0000	7000.0000	0.0000	-9.3002	12.3563	-0.0000	28698.8385	-20.9799	0.0000	-23.0812	0.0000
4.6000	704.2820	16.7807	1838.7907	1706.7913	0.0000	-0.1527	900.1940	28386.5000	8000.0000	0.0000	31156.0000	7000.0000	0.0000	-9.4887	12.3104	-0.0000	28599.3142	-21.4349	0.0000	-23.1972	0.0000
4.7000	709.0712	15.9440	1894.4300	1750.3215	0.0000	-0.1381	898.5511	28351.5000	8000.0000	0.0000	31116.0000	7000.0000	0.0000	-9.6384	12.2647	-0.0000	28499.1137	-21.7970	0.0000	-23.2604	0.0000
4.8000	713.7801	15.1874	1950.8123	1793.6689	0.0000	-0.1248	896.9121	28316.5000	8000.0000	0.0000	31076.0000	7000.0000	0.0000	-9.7535	12.2194	-0.0000	28398.2431	-22.0751	0.0000	-23.2649	0.0000
4.9000	718.4201	14.5040	2007.9345	1836.8172	0.0000	-0.1127	895.2767	28281.5000	8000.0000	0.0000	31036.0000	7000.0000	0.0000	-9.8377	12.1745	-0.0000	28296.7086	-22.2776	0.0000	-23.2170	0.0000
5.0000	723.0018	13.8875	2065.7927	1879.7521	0.0000	-0.1016	893.6451	28246.5000	8000.0000	0.0000	30996.0000	7000.0000	0.0000	-9.8944	12.1300	-0.0000	28194.5161	-22.4122	0.0000	-23.1223	0.0000
5.1000	727.5349	13.3318	2124.3830	1922.4610	0.0000	-0.0915	892.0173	28211.5000	8000.0000	0.0000	30956.0000	7000.0000	0.0000	-9.9263	12.0860	-0.0000	28091.6716	-22.4858	0.0000	-22.9862	0.0000
5.2000	732.0282	12.8317	2183.7014	1964.9330	0.0000	-0.0823	890.3932	28176.5000	8000.0000	0.0000	30916.0000	7000.0000	0.0000	-9.9363	12.0424	-0.0000	27988.1805	-22.5049	0.0000	-22.8133	0.0000
5.3000	736.4895	12.3820	2243.7436	2007.1589	0.0000	-0.0739	888.7729	28141.5000	8000.0000	0.0000	30876.0000	7000.0000	0.0000	-9.9266	11.9992	-0.0000	27884.0484	-22.4754	0.0000	-22.6081	0.0000
5.4000	740.9258	11.9783	2304.5053	2049.1305	0.0000	-0.0663	887.1563	28106.5000	8000.0000	0.0000	30836.0000	7000.0000	0.0000	-9.8994	11.9566	-0.0000	27779.2803	-22.4025	0.0000	-22.3746	0.0000
5.5000	745.3435	11.6163	2365.9822	2090.8413	0.0000	-0.0594	885.5434	28071.5000	8000.0000	0.0000	30796.0000	7000.0000	0.0000	-9.8566	11.9145	-0.0000	27673.8813	-22.2911	0.0000	-22.1162	0.0000
5.6000	749.7480	11.2923	2428.1700	2132.2855	0.0000	-0.0532	883.9344	28036.5000	8000.0000	0.0000	30756.0000	7000.0000	0.0000	-9.7999	11.8729	-0.0000	27567.8560	-22.1456	0.0000	-21.8363	0.0000
5.7000	754.1441	11.0027	2491.0642	2173.4585	0.0000	-0.0475	882.3290	28001.5000	8000.0000	0.0000	30716.0000	7000.0000	0.0000	-9.7309	11.8318	-0.0000	27461.2089	-21.9700	0.0000	-21.5377	0.0000
5.8000	758.5357	10.7444	2554.6605	2214.3567	0.0000	-0.0423	880.7274	27966.5000	8000.0000	0.0000	30676.0000	7000.0000	0.0000	-9.6509	11.7913	-0.0000	27353.9445	-21.7679	0.0000	-21.2232	0.0000
5.9000	762.9266	10.5145	2618.9546	2254.9771	0.0000	-0.0376	879.1296	27931.5000	8000.0000	0.0000	30636.0000	7000.0000	0.0000	-9.5613	11.7514	-0.0000	27246.0668	-21.5427	0.0000	-20.8951	0.0000
6.0000	767.3194	10.3104	2683.9421	2295.3177	0.0000	-0.0333	877.5355	27896.5000	8000.0000	0.0000	30596.0000	7000.0000	0.0000	-9.4635	11.7120	-0.0000	27137.5798	-21.2972	0.0000	-20.5569	0.0000
6.1000	771.7166	10.1295	2749.6187	2335.3768	0.0000	-0.0295	875.9452	27861.5000	8000.0000	0.0000	30556.0000	7000.0000	0.0000	-9.3582	11.6731	-0.0000	27028.4873	-21.0343	0.0000	-20.2088	0.0000
6.2000	776.1202	9.9696	2815.9803	2375.1537	0.0000	-0.0260	874.3586	27826.5000	8000.0000	0.0000	30516.0000	7000.0000	0.0000	-9.2464	11.6348	-0.0000	26918.7931	-20.7565	0.0000	-19.8529	0.0000
6.3000	780.5317	9.8289	2883.0224	2414.6478	0.0000	-0.0229	872.7757	27791.5000	8000.0000	0.0000	30476.0000	7000.0000	0.0000	-9.1289	11.5971	-0.0000	26808.5006	-20.4657	0.0000	-19.4908	0.0000
6.4000	784.9524	9.7054	2950.7410	2453.8594	0.0000	-0.0200	871.1967	27756.5000	8000.0000	0.0000	30436.0000	7000.0000	0.0000	-9.0065	11.5600	-0.0000	26697.6134	-20.1641	0.0000	-19.1240	0.0000
6.5000	789.3831	9.5978	3019.1318	2492.7889	0.0000	-0.0174	869.6213	27721.5000	8000.0000	0.0000	30396.0000	7000.0000	0.0000	-8.8798	11.5235	-0.0000	26586.1348	-19.8534	0.0000	-18.7537	0.0000
6.6000	793.8246	9.5044	3088.1906	2531.4372	0.0000	-0.0150	868.0497	27686.5000	8000.0000	0.0000	30356.0000	7000.0000	0.0000	-8.7495	11.4875	-0.0000	26474.0680	-19.5350	0.0000	-18.3811	0.0000
6.7000	798.2771	9.4240	3157.9133	2569.8056	0.0000	-0.0129	866.4819	27651.5000	8000.0000	0.0000	30316.0000	7000.0000	0.0000	-8.6161	11.4521	-0.0000	26361.4163	-19.2104	0.0000	-18.0072	0.0000
6.8000	802.7408	9.3555	3228.2957	2607.8956	0.0000	-0.0109	864.9178	27616.5000	8000.0000	0.0000	30276.0000	7000.0000	0.0000	-8.4801	11.4173	-0.0000	26248.1828	-18.8809	0.0000	-17.6327	0.0000
6.9000	807.2158	9.2977	3299.3337	2645.7090	0.0000	-0.0091	863.3575	27581.5000	8000.0000	0.0000	30236.0000	7000.0000	0.0000	-8.3420	11.3830	-0.0000	26134.3706	-18.5475	0.0000	-17.2586	0.0000
7.0000	811.7017	9.2498	3371.0232	2683.2480	0.0000	-0.0075	861.8009	27546.5000	8000.0000	0.0000	30196.0000	7000.0000	0.0000	-8.2021	11.3494	-0.0000	26019.9827	-18.2113	0.0000	-16.8854	0.0000
7.1000	816.1984	9.2108	3443.3602	2720.5147	0.0000	-0.0060	860.2480	27511.5000	8000.0000	0.0000	30156.0000	7000.0000	0.0000	-8.0608	11.3163	-0.0000	25905.0221	-17.8731	0.0000	-16.5139	0.0000
7.2000	820.7053	9.1799	3516.3405	2757.5118	0.0000	-0.0047	858.6990	27476.5000	8000.0000	0.0000	30116.0000	7000.0000	0.0000	-7.9185	11.2837	-0.0000	25789.4917	-17.5337	0.0000	-16.1445	0.0000
7.3000	825.2219	9.1565	3589.9602	2794.2417	0.0000	-0.0034	857.1536	27441.5000	8000.0000	0.0000	30076.0000	7000.0000	0.0000	-7.7752	11.2518	-0.0000	25673.3944	-17.1937	0.0000	-15.7716	0.0000
7.4000	829.7479	9.1399	3664.2150	2830.7075	0.0000	-0.0023	855.6120	27406.5000	8000.0000	0.0000	30036.0000	7000.0000	0.0000	-7.6306	11.2204	-0.0000	25556.7331	-16.8540	0.0000	-15.3846	0.0000
7.5000	834.2826	9.1295	3739.1011	2866.9120	0.0000	-0.0012	854.0742	27371.5000	8000.0000	0.0000	29996.0000	7000.0000	0.0000	-7.4857	11.1896	-0.0000	25439.5108	-16.5149	0.0000	-15.0020	0.0000
7.6000	838.8253	9.1249	3814.6143	2902.8585	0.0000	-0.0003	852.5401	27336.5000	8000.0000	0.0000	29956.0000	7000.0000	0.0000	-7.3409	11.1594	-0.0000	25321.7302	-16.1770	0.0000	-14.6242	0.0000
7.7000	843.3751	9.1256	3890.7506	2938.5503	0.0000	0.0006	851.0098	27301.5000	8000.0000	0.0000	29916.0000	7000.0000	0.0000	-7.1963	11.1297	-0.0000	25203.3941	-15.8408	0.0000	-14.2512	0.0000
7.8000	847.9311	9.1310	3967.5060	2973.9907	0.0000	0.0014	849.4832	27266.5000	8000.0000	0.0000	29876.0000	7000.0000	0.0000	-7.0520	11.1005	-0.0000	25084.5055	-15.5065	0.0000	-13.8834	0.0000
7.9000	852.4926	9.1409	4044.8764	3009.1832	0.0000	0.0021	847.9603	27231.5000	8000.0000	0.0000	29836.0000	7000.0000	0.0000	-6.9083	11.0719	-0.0000	24965.0671	-15.1746	0.0000	-13.5209	0.0000
8.0000	857.0586	9.1548	4122.8580	3044.1312	0.0000	0.0028	846.4413	27196.5000	8000.0000	0.0000	29796.0000	7000.0000	0.0000	-6.7653	11.0439	-0.0000	24845.0816	-14.8452	0.0000	-13.1639	0.0000
8.1000	861.6281	9.1725	4201.4466	3078.8384	0.0000	0.0034	844.9259	27161.5000	8000.0000	0.0000	29756.0000	7000.0000	0.0000	-6.6231	11.0164	-0.0000	24724.5520	-14.5187	0.0000	-12.8125	0.0000
8.2000	866.2004	9.1936	4280.6383	3113.3084	0.0000	0.0040	843.4143	27126.5000	8000.0000	0.0000	29716.0000	7000.0000	0.0000	-6.4817	10.9895	-0.0000	24603.4810	-14.1953	0.0000	-12.4668	0.0000
8.3000	870.7745	9.2179	4360.4292	3147.5448	0.0000	0.0045	841.9065	27091.5000	8000.0000	0.0000	29676.0000	7000.0000	0.0000	-6.3414	10.9631	-0.0000	24481.8713	-13.8751	0.0000	-12.1269	0.0000
8.4000	875.3494	9.2451	4440.8153	3181.5513	0.0000	0.0050	840.4024	27056.5000	8000.0000	0.0000	29636.0000	7000.0000	0.0000	-6.2022	10.9372	-0.0000	24359.7259	-13.5582	0.0000	-11.7928	0.0000
8.5000	879.9244	9.2751	4521.7925	3215.3318	0.0000	0.0055	838.9021	27021.5000	8000.0000	0.0000	29596.0000	7000.0000	0.0000	-6.0641	10.9118	-0.0000	24237.0474	-13.2449	0.0000	-11.4645	0.0000
8.6000	884.4985	9.3076	4603.3571	3248.8898	0.0000	0.0059	837.4055	26986.5000	8000.0000	0.0000	29556.0000	7000.0000	0.0000	-5.9273	10.8870	-0.0000	24113.8386	-12.9352	0.0000	-11.1422	0.0000
8.7000	889.0709	9.3424	4685.5051	3282.2292	0.0000	0.0063	835.9126	26951.5000	8000.0000	0.0000	29516.0000	7000.0000	0.0000	-5.7917	10.8627	-0.0000	23990.1024	-12.6292	0.0000	-10.8257	0.0000
8.8000	893.6407	9.3795	4768.2325	3315.3539	0.0000	0.0067	834.4236	26916.5000	8000.0000	0.0000	29476.0000	7000.0000	0.0000	-5.6574	10.8390	-0.0000	23865.8415	-12.3270	0.0000	-10.5151	0.0000
8.9000	898.2072	9.4186	4851.5355	3348.2676	0.0000	0.0070	832.9382	26881.5000	8000.0000	0.0000	29436.0000	7000.0000	0.0000	-5.5246	10.8157	-0.0000	23741.0587	-12.0286	0.0000	-10.2104	0.0000
9.0000	902.7694	9.4596	4935.4102	3380.9741	0.0000	0.0073	831.4566	26846.5000	8000.0000	0.0000	29396.0000	7000.0000	0.0000	-5.3931	10.7929	-0.0000	23615.7567	-11.7341	0.0000	-9.9114	0.0000
9.1000	907.3267	9.5023	5019.8527	3413.4772	0.0000	0.0076	829.9788	26811.5000	8000.0000	0.0000	29356.0000	7000.0000	0.0000	-5.2631	10.7707	-0.0000	23489.9384	-11.4434	0.0000	-9.6183	0.0000
9.2000	911.8783	9.5468	5104.8592	3445.7808	0.0000	0.0079	828.5047	26776.5000	8000.0000	0.0000	29316.0000	7000.0000	0.0000	-5.1345	10.7489	-0.0000	23363.6065	-11.1566	0.0000	-9.3309	0.0000
9.3000	916.4234	9.5928	5190.4258	3477.8887	0.0000	0.0082	827.0344	26741.5000	8000.0000	0.0000	29276.0000	7000.0000	0.0000	-5.0074	10.7277	-0.0000	23236.7637	-10.8738	0.0000	-9.0492	0.0000
9.4000	920.9614	9.6403	5276.5487	3509.8047	0.0000	0.0084	825.5678	26706.5000	8000.0000	0.0000	29236.0000	7000.0000	0.0000	-4.8817	10.7069	-0.0000	23109.4129	-10.5948	0.0000	-8.7731	0.0000
9.5000	925.4915	9.6892	5363.2241	3541.5326	0.0000	0.0087	824.1049	26671.5000	8000.0000	0.0000	29196.0000	7000.0000	0.0000	-4.7576	10.6866	-0.0000	22981.5569	-10.3198	0.0000	-8.5025	0.0000
9.6000	930.0131	9.7394	5450.4483	3573.0762	0.0000	0.0089	822.6459	26636.5000	8000.0000	0.0000	29156.0000	7000.0000	0.0000	-4.6350	10.6668	-0.0000	22853.1983	-10.0487	0.0000	-8.2375	0.0000
9.7000	934.5257	9.7908	5538.2174	3604.4393	0.0000	0.0091	821.1905	26601.5000	8000.0000	0.0000	29116.0000	7000.0000	0.0000	-4.5139	10.6475	-0.0000	22724.3400	-9.7814	0.0000	-7.9778	0.0000
9.8000	939.0285	9.8434	5626.5277	3635.6258	0.0000	0.0093	819.7389	26566.5000	8000.0000	0.0000	29076.0000	7000.0000	0.0000	-4.3944	10.6287	-0.0000	22594.9846	-9.5180	0.0000	-7.7236	0.0000
9.9000	943.5210	9.8970	5715.3754	3666.6393	0.0000	0.0095	818.2911	26531.5000	8000.0000	0.0000	29036.0000	7000.0000	0.0000	-4.2763	10.6103	-0.0000	22465.1351	-9.2584	0.0000	-7.4745	0.0000
10.0000	948.0026	9.9517	5804.7569	3697.4836	0.0000	0.0096	816.8470	26496.5000	8000.0000	0.0000	28996.0000	7000.0000	0.0000	-4.1598	10.5924	-0.0000	22334.7940	-9.0026	0.0000	-7.2307	0.0000
10.1000	952.4728	10.0074	5894.6684	3728.1625	0.0000	0.0098	815.4067	26461.5000	8000.0000	0.0000	28956.0000	7000.0000	0.0000	-4.0449	10.5749	-0.0000	22203.9641	-8.7506	0.0000	-6.9920	0.0000
10.2000	956.9312	10.0640	5985.1063	3758.6797	0.0000	0.0100	813.9701	26426.5000	8000.0000	0.0000	28916.0000	7000.0000	0.0000	-3.9314	10.5579	-0.0000	22072.6482	-8.5022	0.0000	-6.7584	0.0000
10.3000	961.3772	10.1214	6076.0670	3789.0389	0.0000	0.0101	812.5372	26391.5000	8000.0000	0.0000	28876.0000	7000.0000	0.0000	-3.8195	10.5414	-0.0000	21940.8489	-8.2576	0.0000	-6.5296	0.0000
10.4000	965.8103	10.1797	6167.5466	3819.2438	0.0000	0.0102	811.1082	26356.5000	8000.0000	0.0000	28836.0000	7000.0000	0.0000	-3.7090	10.5253	-0.0000	21808.5691	-8.0166	0.0000	-6.3058	0.0000
10.5000	970.2421	10.2387	6259.5421	3849.2982	0.0000	0.0104	809.6828	26321.5000	8000.0000	0.0000	28796.0000	7000.0000	0.0000	-3.6033	10.5097	-0.0000	21675.8112	-7.7792	0.0000	-6.0866	0.0000
10.6000	974.6852	10.2985	6352.0518	3879.2059	0.0000	0.0105	808.2612	26286.5000	8000.0000	0.0000	28756.0000	7000.0000	0.0000	-3.4991	10.4945	-0.0000	21542.5759	-7.5451	0.0000	-5.8719	0.0000
10.7000	979.1298	10.3588	6445.0743	3908.9711	0.0000	0.0105	806.8434	26251.5000	8000.0000	0.0000	28716.0000	7000.0000	0.0000	-3.3977	10.4797	-0.0000	21408.8637	-7.3145	0.0000	-5.6884	0.0000
10.8000	983.5589	10.4189	6538.6069	3938.5970	0.0000	0.0104	805.4293	26216.5000	8000.0000	0.0000	28676.0000	7000.0000	0.0000	-3.2982	10.4654	-0.0000	21274.6764	-7.0879	0.0000	-5.5115	0.0000
10.9000	987.9716	10.4782	6632.6460	3968.0868	0.0000	0.0103	804.0190	26181.5000	8000.0000	0.0000	28636.0000	7000.0000	0.0000	-3.2002	10.4515	-0.0000	21140.0168	-6.8658	0.0000	-5.3361	0.0000
11.0000	992.3672	10.5369	6727.1881	3997.4435	0.0000	0.0102	802.6124	26146.5000	8000.0000	0.0000	28596.0000	7000.0000	0.0000	-3.1038	10.4380	-0.0000	21004.8875	-6.6481	0.0000	-5.1633	0.0000
11.1000	996.7451	10.5953	6822.2297	4026.6700	0.0000	0.0102	801.2095	26111.5000	8000.0000	0.0000	28556.0000	7000.0000	0.0000	-3.0089	10.4250	-0.0000	20869.2914	-6.4343	0.0000	-4.9931	0.0000
11.2000	1001.1046	10.6537	6917.7672	4055.7694	0.0000	0.0102	799.8105	26076.5000	8000.0000	0.0000	28516.0000	7000.0000	0.0000	-2.9153	10.4123	-0.0000	20733.2314	-6.2242	0.0000	-4.8255	0.0000
11.3000	1005.4453	10.7122	7013.7969	4084.7445	0.0000	0.0102	798.4151	26041.5000	8000.0000	0.0000	28476.0000	7000.0000	0.0000	-2.8229	10.4001	-0.0000	20596.7104	-6.0175	0.0000	-4.6602	0.0000
11.4000	1009.7665	10.7711	7110.3155	4113.5984	0.0000	0.0103	797.0235	26006.5000	8000.0000	0.0000	28436.0000	7000.0000	0.0000	-2.7315	10.3884	-0.0000	20459.7311	-5.8139	0.0000	-4.4973	0.0000
11.5000	1014.0681	10.8305	7207.3191	4142.3340	0.0000	0.0104	795.6357	25971.5000	8000.0000	0.0000	28396.0000	7000.0000	0.0000	-2.6412	10.3770	-0.0000	20322.2964	-5.6131	0.0000	-4.3364	0.0000
11.6000	1018.3494	10.8907	7304.8043	4170.9542	0.0000	0.0106	794.2516	25936.5000	8000.0000	0.0000	28356.0000	7000.0000	0.0000	-2.5518	10.3660	-0.0000	20184.4094	-5.4150	0.0000	-4.1776	0.0000
11.7000	1022.6102	10.9516	7402.7675	4199.4619	0.0000	0.0107	792.8713	25901.5000	8000.0000	0.0000	28316.0000	7000.0000	0.0000	-2.4632	10.3555	-0.0000	20046.0729	-5.2194	0.0000	-4.0206	0.0000
11.8000	1026.8502	11.0135	7501.2050	4227.8602	0.0000	0.0109	791.4947	25866.5000	8000.0000	0.0000	28276.0000	7000.0000	0.0000	-2.3754	10.3454	-0.0000	19907.2897	-5.0262	0.0000	-3.8655	0.0000
11.9000	1031.0681	11.0764	7600.1132	4256.1520	0.0000	0.0111	790.1218	25831.5000	8000.0000	0.0000	28236.0000	7000.0000	0.0000	-2.2882	10.3356	-0.0000	19768.0629	-4.8352	0.0000	-3.7121	0.0000
12.0000	1035.2621	11.1403	7699.4884	4284.3401	0.0000	0.0113	788.7528	25796.5000	8000.0000	0.0000	28196.0000	7000.0000	0.0000	-2.2017	10.3263	-0.0000	19628.3955	-4.6464	0.0000	-3.5604	0.0000
12.1000	1039.4320	11.2053	7799.3268	4312.4277	0.0000	0.0115	787.3874	25761.5000	8000.0000	0.0000	28156.0000	7000.0000	0.0000	-2.1158	10.3174	-0.0000	19488.2907	-4.4595	0.0000	-3.4103	0.0000
12.2000	1043.5776	11.2715	7899.6244	4340.4175	0.0000	0.0117	786.0258	25726.5000	8000.0000	0.0000	28116.0000	7000.0000	0.0000	-2.0306	10.3089	-0.0000	19347.7517	-4.2747	0.0000	-3.2618	0.0000
12.3000	1047.6987	11.3388	8000.3775	4368.3125	0.0000	0.0119	784.6680	25691.5000	8000.0000	0.0000	28076.0000	7000.0000	0.0000	-1.9461	10.3008	-0.0000	19206.7816	-4.0918	0.0000	-3.1148	0.0000
12.4000	1051.7952	11.4073	8101.5822	4396.1159	0.0000	0.0121	783.3139	25656.5000	8000.0000	0.0000	28036.0000	7000.0000	0.0000	-1.8622	10.2931	-0.0000	19065.3836	-3.9107	0.0000	-2.9694	0.0000
12.5000	1055.8668	11.4769	8203.2348	4423.8305	0.0000	0.0123	781.9636	25621.5000	8000.0000	0.0000	27996.0000	7000.0000	0.0000	-1.7789	10.2857	-0.0000	18923.5608	-3.7315	0.0000	-2.8255	0.0000
12.6000	1059.9135	11.5478	8305.3315	4451.4593	0.0000	0.0125	780.6170	25586.5000	8000.0000	0.0000	27956.0000	7000.0000	0.0000	-1.6962	10.2788	-0.0000	18781.3163	-3.5540	0.0000	-2.6831	0.0000
12.7000	1063.9349	11.6197	8407.8683	4479.0055	0.0000	0.0127	779.2741	25551.5000	8000.0000	0.0000	27916.0000	7000.0000	0.0000	-1.6141	10.2722	-0.0000	18638.6534	-3.3783	0.0000	-2.5422	0.0000
12.8000	1067.9311	11.6928	8510.8417	4506.4719	0.0000	0.0129	777.9351	25516.5000	8000.0000	0.0000	27876.0000	7000.0000	0.0000	-1.5326	10.2661	-0.0000	18495.5752	-3.2044	0.0000	-2.4027	0.0000
12.9000	1071.9034	11.7671	8614.2477	4533.8618	0.0000	0.0131	776.5997	25481.5000	8000.0000	0.0000	27836.0000	7000.0000	0.0000	-1.4521	10.2603	-0.0000	18352.0847	-3.0322	0.0000	-2.2647	0.0000
13.0000	1075.8632	11.8424	8718.0833	4561.1783	0.0000	0.0132	775.2681	25446.5000	8000.0000	0.0000	27796.0000	7000.0000	0.0000	-1.3726	10.2549	-0.0000	18208.1846	-2.8617	0.0000	-2.1281	0.0000
13.1000	1079.8128	11.9187	8822.3461	4588.4247	0.0000	0.0134	773.9403	25411.5000	8000.0000	0.0000	27756.0000	7000.0000	0.0000	-1.2937	10.2498	-0.0000	18063.8765	-2.6929	0.0000	-1.9931	0.0000
13.2000	1083.7519	11.9960	8927.0339	4615.6046	0.0000	0.0136	772.6162	25376.5000	8000.0000	0.0000	27716.0000	7000.0000	0.0000	-1.2152	10.2452	-0.0000	17919.1621	-2.5258	0.0000	-1.8595	0.0000
13.3000	1087.6802	12.0743	9032.1445	4642.7212	0.0000	0.0137	771.2959	25341.5000	8000.0000	0.0000	27676.0000	7000.0000	0.0000	-1.1373	10.2409	-0.0000	17774.0428	-2.3605	0.0000	-1.7274	0.0000
13.4000	1091.5973	12.1534	9137.6756	4669.7781	0.0000	0.0139	769.9793	25306.5000	8000.0000	0.0000	27636.0000	7000.0000	0.0000	-1.0600	10.2369	-0.0000	17628.5203	-2.1969	0.0000	-1.5969	0.0000
13.5000	1095.5031	12.2334	9243.6248	4696.7786	0.0000	0.0140	768.6664	25271.5000	8000.0000	0.0000	27596.0000	7000.0000	0.0000	-0.9833	10.2334	-0.0000	17482.5962	-2.0352	0.0000	-1.4679	0.0000
13.6000	1099.3885	12.3142	9349.9897	4723.7262	0.0000	0.0142	767.3574	25236.5000	8000.0000	0.0000	27556.0000	7000.0000	0.0000	-0.9065	10.2301	-0.0000	17336.2723	-1.8752	0.0000	-1.3403	0.0000
13.7000	1103.2371	12.3958	9456.7663	4750.6238	0.0000	0.0143	766.0520	25201.5000	8000.0000	0.0000	27516.0000	7000.0000	0.0000	-0.8303	10.2273	-0.0000	17189.5517	-1.7172	0.0000	-1.2143	0.0000
13.8000	1107.0485	12.4780	9563.9499	4777.4744	0.0000	0.0144	764.7504	25166.5000	8000.0000	0.0000	27476.0000	7000.0000	0.0000	-0.7549	10.2248	-0.0000	17042.4387	-1.5609	0.0000	-1.0899	0.0000
13.9000	1110.8229	12.5609	9671.5355	4804.2809	0.0000	0.0145	763.4526	25131.5000	8000.0000	0.0000	27436.0000	7000.0000	0.0000	-0.6803	10.2226	-0.0000	16894.9373	-1.4066	0.0000	-0.9669	0.0000
14.0000	1114.5602	12.6445	9779.5187	4831.0461	0.0000	0.0146	762.1585	25096.5000	8000.0000	0.0000	27396.0000	7000.0000	0.0000	-0.6064	10.2208	-0.0000	16747.0517	-1.2541	0.0000	-0.8456	0.0000
14.1000	1118.2605	12.7287	9887.8946	4857.7729	0.0000	0.0147	760.8682	25061.5000	8000.0000	0.0000	27356.0000	7000.0000	0.0000	-0.5334	10.2193	-0.0000	16598.7860	-1.1035	0.0000	-0.7257	0.0000
14.2000	1121.9237	12.8134	9996.6585	4884.4642	0.0000	0.0148	759.5816	25026.5000	8000.0000	0.0000	27316.0000	7000.0000	0.0000	-0.4612	10.2182	-0.0000	16450.1443	-0.9547	0.0000	-0.6077	0.0000
14.3000	1125.5500	12.8988	10105.8059	4911.1228	0.0000	0.0150	758.2987	24991.5000	8000.0000	0.0000	27276.0000	7000.0000	0.0000	-0.3898	10.2174	-0.0000	16301.1306	-0.8077	0.0000	-0.4917	0.0000
14.4000	1129.1394	12.9847	10215.3321	4937.7516	0.0000	0.0151	757.0197	24956.5000	8000.0000	0.0000	27236.0000	7000.0000	0.0000	-0.3192	10.2169	-0.0000	16151.7490	-0.6624	0.0000	-0.3768	0.0000
14.5000	1132.6920	13.0712	10325.2325	4964.3535	0.0000	0.0152	755.7443	24921.5000	8000.0000	0.0000	27196.0000	7000.0000	0.0000	-0.2493	10.2167	-0.0000	16002.0036	-0.5189	0.0000	-0.2631	0.0000
14.6000	1136.2079	13.1583	10435.5025	4990.9311	0.0000	0.0152	754.4727	24886.5000	8000.0000	0.0000	27156.0000	7000.0000	0.0000	-0.1802	10.2169	-0.0000	15851.8983	-0.3772	0.0000	-0.1503	0.0000
14.7000	1139.6870	13.2458	10546.1376	5017.4875	0.0000	0.0153	753.2049	24851.5000	8000.0000	0.0000	27116.0000	7000.0000	0.0000	-0.1118	10.2174	-0.0000	15701.4371	-0.2372	0.0000	-0.0387	0.0000
14.8000	1143.1296	13.3338	10657.1331	5044.0253	0.0000	0.0154	751.9408	24816.5000	8000.0000	0.0000	27076.0000	7000.0000	0.0000	-0.0441	10.2182	-0.0000	15550.6240	-0.0990	0.0000	0.0718	0.0000
14.9000	1146.5350	13.4221	10768.4847	5070.5475	0.0000	0.0154	750.6805	24781.5000	8000.0000	0.0000	27036.0000	7000.0000	0.0000	0.0227	10.2193	-0.0000	15399.4630	0.0374	0.0000	0.1807	0.0000
15.0000	1149.8922	13.5107	10880.1872	5097.0566	0.0000	0.0155	749.4239	24746.5000	8000.0000	0.0000	26996.0000	7000.0000	0.0000	0.0886	10.2207	-0.0000	15247.9584	0.1719	0.0000	0.2873	0.0000
15.1000	1153.1983	13.5993	10992.2349	5123.5551	0.0000	0.0155	748.1710	24711.5000	8000.0000	0.0000	26956.0000	7000.0000	0.0000	0.1534	10.2224	-0.0000	15096.1154	0.3044	0.0000	0.3923	0.0000
15.2000	1156.4536	13.6879	11104.6218	5150.0455	0.0000	0.0155	746.9220	24676.5000	8000.0000	0.0000	26916.0000	7000.0000	0.0000	0.2171	10.2244	-0.0000	14943.9395	0.4347	0.0000	0.4954	0.0000
15.3000	1159.6586	13.7764	11217.3422	5176.5301	0.0000	0.0154	745.6766	24641.5000	8000.0000	0.0000	26876.0000	7000.0000	0.0000	0.2797	10.2267	-0.0000	14791.4360	0.5630	0.0000	0.5965	0.0000
15.4000	1162.8135	13.8649	11330.3904	5203.0111	0.0000	0.0154	744.4350	24606.5000	8000.0000	0.0000	26836.0000	7000.0000	0.0000	0.3412	10.2293	-0.0000	14638.6100	0.6893	0.0000	0.6956	0.0000
15.5000	1165.9189	13.9533	11443.7605	5229.4909	0.0000	0.0154	743.1972	24571.5000	8000.0000	0.0000	26796.0000	7000.0000	0.0000	0.4017	10.2322	-0.0000	14485.4670	0.8135	0.0000	0.7929	0.0000
15.6000	1168.9751	14.0416	11557.4469	5255.9719	0.0000	0.0154	741.9631	24536.5000	8000.0000	0.0000	26756.0000	7000.0000	0.0000	0.4611	10.2353	-0.0000	14332.0119	0.9359	0.0000	0.8884	0.0000
15.7000	1171.9826	14.1299	11671.4442	5282.4561	0.0000	0.0154	740.7328	24501.5000	8000.0000	0.0000	26716.0000	7000.0000	0.0000	0.5196	10.2388	-0.0000	14178.2500	1.0563	0.0000	0.9829	0.0000
15.8000	1174.9417	14.2182	11785.7466	5308.9458	0.0000	0.0154	739.5062	24466.5000	8000.0000	0.0000	26676.0000	7000.0000	0.0000	0.5772	10.2425	-0.0000	14024.1863	1.1749	0.0000	1.0768	0.0000
15.9000	1177.8530	14.3066	11900.3488	5335.4433	0.0000	0.0154	738.2833	24431.5000	8000.0000	0.0000	26636.0000	7000.0000	0.0000	0.6339	10.2465	-0.0000	13869.8258	1.2917	0.0000	1.1691	0.0000
16.0000	1180.7168	14.3951	12015.2453	5361.9506	0.0000	0.0154	737.0643	24396.5000	8000.0000	0.0000	26596.0000	7000.0000	0.0000	0.6897	10.2507	-0.0000	13715.1735	1.4069	0.0000	1.2599	0.0000
16.1000	1183.5336	14.4835	12130.4307	5388.4699	0.0000	0.0154	735.8489	24361.5000	8000.0000	0.0000	26556.0000	7000.0000	0.0000	0.7446	10.2553	-0.0000	13560.2344	1.5204	0.0000	1.3493	0.0000
16.2000	1186.3038	14.5720	12245.8998	5415.0034	0.0000	0.0154	734.6373	24326.5000	8000.0000	0.0000	26516.0000	7000.0000	0.0000	0.7986	10.2601	-0.0000	13405.0132	1.6323	0.0000	1.4374	0.0000
16.3000	1189.0279	14.6605	12361.6472	5441.5531	0.0000	0.0154	733.4295	24291.5000	8000.0000	0.0000	26476.0000	7000.0000	0.0000	0.8517	10.2651	-0.0000	13249.5149	1.7425	0.0000	1.5242	0.0000
16.4000	1191.7063	14.7489	12477.6679	5468.1210	0.0000	0.0154	732.2254	24256.5000	8000.0000	0.0000	26436.0000	7000.0000	0.0000	0.9039	10.2704	-0.0000	13093.7441	1.8510	0.0000	1.6095	0.0000
16.5000	1194.3395	14.8373	12593.9565	5494.7093	0.0000	0.0154	731.0251	24221.5000	8000.0000	0.0000	26396.0000	7000.0000	0.0000	0.9553	10.2760	-0.0000	12937.7056	1.9579	0.0000	1.6935	0.0000
16.6000	1196.9240	14.9255	12710.5080	5521.3198	0.0000	0.0154	729.8285	24186.5000	8000.0000	0.0000	26356.0000	7000.0000	0.0000	1.0053	10.2818	-0.0000	12781.4042	2.0631	0.0000	1.7763	0.0000
16.7000	1199.4465	15.0136	12827.3163	5547.9544	0.0000	0.0154	728.6356	24151.5000	8000.0000	0.0000	26316.0000	7000.0000	0.0000	1.0541	10.2878	-0.0000	12624.8453	2.1667	0.0000	1.8578	0.0000
16.8000	1201.9070	15.1016	12944.3747	5574.6143	0.0000	0.0153	727.4466	24116.5000	8000.0000	0.0000	26276.0000	7000.0000	0.0000	1.1019	10.2941	-0.0000	12468.0353	2.2688	0.0000	1.9382	0.0000
16.9000	1204.3062	15.1895	13061.6764	5601.3012	0.0000	0.0153	726.2612	24081.5000	8000.0000	0.0000	26236.0000	7000.0000	0.0000	1.1489	10.3007	-0.0000	12310.9806	2.3693	0.0000	2.0174	0.0000
17.0000	1206.6450	15.2773	13179.2150	5628.0163	0.0000	0.0153	725.0796	24046.5000	8000.0000	0.0000	26196.0000	7000.0000	0.0000	1.1950	10.3074	-0.0000	12153.6874	2.4684	0.0000	2.0955	0.0000
17.1000	1208.9243	15.3651	13296.9839	5654.7612	0.0000	0.0153	723.9018	24011.5000	8000.0000	0.0000	26156.0000	7000.0000	0.0000	1.2402	10.3144	-0.0000	11996.1618	2.5660	0.0000	2.1725	0.0000
17.2000	1211.1450	15.4528	13414.9768	5681.5370	0.0000	0.0153	722.7277	23976.5000	8000.0000	0.0000	26116.0000	7000.0000	0.0000	1.2846	10.3217	-0.0000	11838.4099	2.6623	0.0000	2.2484	0.0000
17.3000	1213.3080	15.5406	13533.1874	5708.3452	0.0000	0.0153	721.5574	23941.5000	8000.0000	0.0000	26076.0000	7000.0000	0.0000	1.3282	10.3292	-0.0000	11680.4376	2.7573	0.0000	2.3234	0.0000
17.4000	1215.4140	15.6283	13651.6095	5735.1871	0.0000	0.0153	720.3908	23906.5000	8000.0000	0.0000	26036.0000	7000.0000	0.0000	1.3710	10.3369	-0.0000	11522.2508	2.8511	0.0000	2.3973	0.0000
17.5000	1217.4641	15.7160	13770.2370	5762.0640	0.0000	0.0153	719.2279	23871.5000	8000.0000	0.0000	25996.0000	7000.0000	0.0000	1.4130	10.3448	-0.0000	11363.8553	2.9435	0.0000	2.4703	0.0000
17.6000	1219.4589	15.8037	13889.0640	5788.9771	0.0000	0.0153	718.0689	23836.5000	8000.0000	0.0000	25956.0000	7000.0000	0.0000	1.4543	10.3530	-0.0000	11205.2567	3.0348	0.0000	2.5424	0.0000
17.7000	1221.3999	15.8915	14008.0845	5815.9276	0.0000	0.0153	716.9135	23801.5000	8000.0000	0.0000	25916.0000	7000.0000	0.0000	1.4950	10.3614	-0.0000	11046.4607	3.1250	0.0000	2.6136	0.0000
17.8000	1223.2950	15.9793	14127.2931	5842.9170	0.0000	0.0153	715.7619	23766.5000	8000.0000	0.0000	25876.0000	7000.0000	0.0000	1.5353	10.3700	-0.0000	10887.4725	3.2140	0.0000	2.6839	0.0000
17.9000	1225.1471	16.0672	14246.6848	5869.9466	0.0000	0.0153	714.6141	23731.5000	8000.0000	0.0000	25836.0000	7000.0000	0.0000	1.5750	10.3788	-0.0000	10728.2967	3.3019	0.0000	2.7533	0.0000
18.0000	1226.9567	16.1551	14366.2550	5897.0180	0.0000	0.0153	713.4700	23696.5000	8000.0000	0.0000	25796.0000	7000.0000	0.0000	1.6141	10.3879	-0.0000	10568.9376	3.3887	0.0000	2.8218	0.0000
18.1000	1228.7245	16.2431	14485.9991	5924.1325	0.0000	0.0154	712.3297	23661.5000	8000.0000	0.0000	25756.0000	7000.0000	0.0000	1.6524	10.3971	-0.0000	10409.3996	3.4745	0.0000	2.8894	0.0000
18.2000	1230.4511	16.3311	14605.9125	5951.2915	0.0000	0.0154	711.1931	23626.5000	8000.0000	0.0000	25716.0000	7000.0000	0.0000	1.6901	10.4066	-0.0000	10249.6869	3.5591	0.0000	2.9562	0.0000
18.3000	1232.1370	16.4191	14725.9906	5978.4964	0.0000	0.0154	710.0602	23591.5000	8000.0000	0.0000	25676.0000	7000.0000	0.0000	1.7271	10.4163	-0.0000	10089.8038	3.6427	0.0000	3.0222	0.0000
18.4000	1233.7651	16.8304	14846.2278	6005.7525	0.0000	0.2659	708.9312	23556.5000	8000.0000	0.0000	25636.0000	7000.0000	0.0000	2.1766	12.8906	-0.0000	8951.3992	3.9196	0.0000	13.3960	0.0000
18.5000	1235.1465	18.9656	14966.6046	6033.0906	0.0000	0.4507	707.8058	23521.5000	8000.0000	0.0000	25596.0000	7000.0000	0.0000	2.9217	12.9429	-0.0000	8793.8572	5.9015	0.0000	10.2481	0.0000
18.6000	1236.0178	21.6147	15087.0746	6060.5430	0.0000	0.4596	706.6842	23486.5000	8000.0000	0.0000	25556.0000	7000.0000	0.0000	3.9894	12.9965	-0.0000	8636.2014	8.4860	0.0000	10.2934	0.0000
18.7000	1236.5579	24.1428	15207.5791	6088.1573	0.0000	0.4140	705.5664	23451.5000	8000.0000	0.0000	25516.0000	7000.0000	0.0000	5.0514	13.0511	-0.0000	8478.4796	10.9558	0.0000	11.2442	0.0000
18.8000	1236.8560	26.3659	15328.0782	6115.9876	0.0000	0.3556	704.4523	23416.5000	8000.0000	0.0000	25476.0000	7000.0000	0.0000	5.9620	13.1064	-0.0000	8320.7197	13.1021	0.0000	12.3283	0.0000
18.9000	1236.9151	28.2533	15448.5358	6144.0807	0.0000	0.2981	703.3420	23381.5000	8000.0000	0.0000	25436.0000	7000.0000	0.0000	6.7045	13.1620	-0.0000	8162.9459	14.8899	0.0000	13.3015	0.0000
19.0000	1236.7564	29.8238	15568.9188	6172.4736	0.0000	0.2459	702.2354	23346.5000	8000.0000	0.0000	25396.0000	7000.0000	0.0000	7.2918	13.2176	-0.0000	8005.1819	16.3398	0.0000	14.0997	0.0000
19.1000	1236.4113	31.1105	15689.1987	6201.1948	0.0000	0.1997	701.1325	23311.5000	8000.0000	0.0000	25356.0000	7000.0000	0.0000	7.7444	13.2729	-0.0000	7847.4487	17.4883	0.0000	14.7193	0.0000
19.2000	1235.9149	32.1481	15809.3517	6230.2657	0.0000	0.1594	700.0335	23276.5000	8000.0000	0.0000	25316.0000	7000.0000	0.0000	8.0826	13.3278	-0.0000	7689.7643	18.3734	0.0000	15.1754	0.0000
19.3000	1235.3027	32.9691	15929.3591	6259.7015	0.0000	0.1245	698.9381	23241.5000	8000.0000	0.0000	25276.0000	7000.0000	0.0000	8.3247	13.3820	-0.0000	7532.1432	19.0310	0.0000	15.4875	0.0000
19.4000	1234.6082	33.6027	16049.2065	6289.5128	0.0000	0.0944	697.8465	23206.5000	8000.0000	0.0000	25236.0000	7000.0000	0.0000	8.4861	13.4355	-0.0000	7374.5964	19.4930	0.0000	15.6752	0.0000
19.5000	1233.8621	34.0746	16168.8840	6319.7065	0.0000	0.0684	696.7587	23171.5000	8000.0000	0.0000	25196.0000	7000.0000	0.0000	8.5798	13.4880	-0.0000	7217.1317	19.7873	0.0000	15.7558	0.0000
19.6000	1233.0915	34.4071	16288.3851	6350.2860	0.0000	0.0460	695.6746	23136.5000	8000.0000	0.0000	25156.0000	7000.0000	0.0000	8.6166	13.5394	-0.0000	7059.7541	19.9384	0.0000	15.7452	0.0000
19.7000	1232.3195	34.6199	16407.7066	6381.2522	0.0000	0.0268	694.5943	23101.5000	8000.0000	0.0000	25116.0000	7000.0000	0.0000	8.6055	13.5898	-0.0000	6902.4658	19.9674	0.0000	15.6567	0.0000
19.8000	1231.5657	34.7297	16526.8484	6412.6040	0.0000	0.0103	693.5177	23066.5000	8000.0000	0.0000	25076.0000	7000.0000	0.0000	8.5540	13.6389	-0.0000	6745.2670	19.8927	0.0000	15.5024	0.0000
19.9000	1230.8464	34.7511	16645.8122	6444.3384	0.0000	-0.0039	692.4448	23031.5000	8000.0000	0.0000	25036.0000	7000.0000	0.0000	8.4685	13.6868	-0.0000	6588.1559	19.7300	0.0000	15.2925	0.0000
20.0000	1230.1746	34.6969	16764.6021	6476.4510	0.0000	-0.0160	691.3758	22996.5000	8000.0000	0.0000	24996.0000	7000.0000	0.0000	8.3543	13.7334	-0.0000	6431.1290	19.4930	0.0000	15.0359	0.0000
20.1000	1229.5605	34.5778	16883.2237	6508.9361	0.0000	-0.0264	690.3104	22961.5000	8000.0000	0.0000	24956.0000	7000.0000	0.0000	8.2159	13.7786	-0.0000	6274.1819	19.1935	0.0000	14.7404	0.0000
20.2000	1229.0120	34.4033	17001.6838	6541.7870	0.0000	-0.0352	689.2488	22926.5000	8000.0000	0.0000	24916.0000	7000.0000	0.0000	8.0572	13.8225	-0.0000	6117.3089	18.8416	0.0000	14.4127	0.0000
20.3000	1228.5348	34.1816	17119.9903	6574.9960	0.0000	-0.0427	688.1910	22891.5000	8000.0000	0.0000	24876.0000	7000.0000	0.0000	7.8815	13.8650	-0.0000	5960.5035	18.4464	0.0000	14.0586	0.0000
20.4000	1228.1327	33.9199	17238.1519	6608.5548	0.0000	-0.0491	687.1369	22856.5000	8000.0000	0.0000	24836.0000	7000.0000	0.0000	7.6918	13.9060	-0.0000	5803.7588	18.0153	0.0000	13.6832	0.0000
20.5000	1227.8080	33.6244	17356.1780	6642.4545	0.0000	-0.0544	686.0866	22821.5000	8000.0000	0.0000	24796.0000	7000.0000	0.0000	7.4906	13.9456	-0.0000	5647.0673	17.5550	0.0000	13.2912	0.0000
20.6000	1227.5617	33.3005	17474.0783	6676.6853	0.0000	-0.0589	685.0400	22786.5000	8000.0000	0.0000	24756.0000	7000.0000	0.0000	7.2800	13.9839	-0.0000	5490.4214	17.0715	0.0000	12.8863	0.0000
20.7000	1227.3937	32.9531	17591.8629	6711.2375	0.0000	-0.0626	683.9971	22751.5000	8000.0000	0.0000	24716.0000	7000.0000	0.0000	7.0621	14.0207	-0.0000	5333.8133	16.5698	0.0000	12.4721	0.0000
20.8000	1227.3029	32.5863	17709.5419	6746.1005	0.0000	-0.0656	682.9581	22716.5000	8000.0000	0.0000	24676.0000	7000.0000	0.0000	6.8387	14.0560	-0.0000	5177.2351	16.0543	0.0000	12.0516	0.0000
20.9000	1227.2876	32.2040	17827.1256	6781.2638	0.0000	-0.0680	681.9227	22681.5000	8000.0000	0.0000	24636.0000	7000.0000	0.0000	6.6112	14.0900	-0.0000	5020.6790	15.5291	0.0000	11.6276	0.0000
21.0000	1227.3455	31.8095	17944.6243	6816.7165	0.0000	-0.0698	680.8911	22646.5000	8000.0000	0.0000	24596.0000	7000.0000	0.0000	6.3811	14.1226	-0.0000	4864.1374	14.9978	0.0000	11.2027	0.0000
21.1000	1227.4738	31.4059	18062.0481	6852.4475	0.0000	-0.0711	679.8633	22611.5000	8000.0000	0.0000	24556.0000	7000.0000	0.0000	6.1498	14.1539	-0.0000	4707.6028	14.4633	0.0000	10.7789	0.0000
21.2000	1227.6691	30.9960	18179.4068	6888.4457	0.0000	-0.0720	678.8392	22576.5000	8000.0000	0.0000	24516.0000	7000.0000	0.0000	5.9183	14.1838	-0.0000	4551.0679	13.9287	0.0000	10.3585	0.0000
21.3000	1227.9281	30.5824	18296.7102	6924.6997	0.0000	-0.0724	677.8189	22541.5000	8000.0000	0.0000	24476.0000	7000.0000	0.0000	5.6879	14.2125	-0.0000	4394.5258	13.3965	0.0000	9.9431	0.0000
21.4000	1228.2470	30.1675	18413.9677	6961.1984	0.0000	-0.0724	676.8023	22506.5000	8000.0000	0.0000	24436.0000	7000.0000	0.0000	5.4594	14.2398	-0.0000	4237.9699	12.8691	0.0000	9.5347	0.0000
21.5000	1228.6222	29.7534	18531.1884	6997.9304	0.0000	-0.0720	675.7894	22471.5000	8000.0000	0.0000	24396.0000	7000.0000	0.0000	5.2339	14.2660	-0.0000	4081.3937	12.3486	0.0000	9.1347	0.0000
21.6000	1229.0496	29.3423	18648.3811	7034.8847	0.0000	-0.0713	674.7804	22436.5000	8000.0000	0.0000	24356.0000	7000.0000	0.0000	5.0122	14.2910	-0.0000	3924.7912	11.8371	0.0000	8.7448	0.0000
21.7000	1229.5255	28.9361	18765.5542	7072.0502	0.0000	-0.0703	673.7750	22401.5000	8000.0000	0.0000	24316.0000	7000.0000	0.0000	4.7953	14.3148	-0.0000	3768.1569	11.3365	0.0000	8.3665	0.0000
21.8000	1230.0458	28.5369	18882.7156	7109.4160	0.0000	-0.0689	672.7734	22366.5000	8000.0000	0.0000	24276.0000	7000.0000	0.0000	4.5837	14.3376	-0.0000	3611.4855	10.8486	0.0000	8.0011	0.0000
21.9000	1230.6069	28.1465	18999.8729	7146.9715	0.0000	-0.0672	671.7756	22331.5000	8000.0000	0.0000	24236.0000	7000.0000	0.0000	4.3785	14.3593	-0.0000	3454.7721	10.3751	0.0000	7.6501	0.0000
22.0000	1231.2048	27.7669	19117.0334	7184.7062	0.0000	-0.0651	670.7815	22296.5000	8000.0000	0.0000	24196.0000	7000.0000	0.0000	4.1803	14.3801	-0.0000	3298.0120	9.9178	0.0000	7.3149	0.0000
22.1000	1231.8360	27.3998	19234.2037	7222.6100	0.0000	-0.0627	669.7912	22261.5000	8000.0000	0.0000	24156.0000	7000.0000	0.0000	3.9898	14.4001	-0.0000	3141.2013	9.4783	0.0000	6.9971	0.0000
22.2000	1232.4970	27.0472	19351.3902	7260.6732	0.0000	-0.0600	668.8046	22226.5000	8000.0000	0.0000	24116.0000	7000.0000	0.0000	3.8078	14.4191	-0.0000	2984.3359	9.0583	0.0000	6.6983	0.0000
22.3000	1233.1842	26.7112	19468.5986	7298.8863	0.0000	-0.0569	667.8217	22191.5000	8000.0000	0.0000	24076.0000	7000.0000	0.0000	3.6351	14.4375	-0.0000	2827.4126	8.6596	0.0000	6.4200	0.0000
22.4000	1233.8944	26.3939	19585.8344	7337.2404	0.0000	-0.0535	666.8427	22156.5000	8000.0000	0.0000	24036.0000	7000.0000	0.0000	3.4725	14.4552	-0.0000	2670.4282	8.2841	0.0000	6.1641	0.0000
22.5000	1234.6258	26.0974	19703.1025	7375.7270	0.0000	-0.0496	665.8673	22121.5000	8000.0000	0.0000	23996.0000	7000.0000	0.0000	3.3220	14.4724	-0.0000	2513.3800	7.9336	0.0000	5.9327	0.0000
22.6000	1235.4063	25.8243	19820.4085	7414.3387	0.0000	-0.0453	664.8957	22086.5000	8000.0000	0.0000	23956.0000	7000.0000	0.0000	3.1879	14.4891	-0.0000	2356.2645	7.6101	0.0000	5.7248	0.0000
22.7000	1236.2424	25.5766	19937.7600	7453.0699	0.0000	-0.0407	663.9279	22051.5000	8000.0000	0.0000	23916.0000	7000.0000	0.0000	3.0652	14.5055	-0.0000	2199.0759	7.3153	0.0000	5.5424	0.0000
22.8000	1237.1266	25.3564	20055.1641	7491.9154	0.0000	-0.0356	662.9638	22016.5000	8000.0000	0.0000	23876.0000	7000.0000	0.0000	2.9547	14.5216	-0.0000	2041.8084	7.0510	0.0000	5.3892	0.0000
22.9000	1238.0515	25.1661	20172.6270	7530.8707	0.0000	-0.0301	662.0035	21981.5000	8000.0000	0.0000	23836.0000	7000.0000	0.0000	2.8574	14.5377	-0.0000	1884.4571	6.8191	0.0000	5.2691	0.0000
23.0000	1239.0095	25.0089	20290.1539	7569.9317	0.0000	-0.0240	661.0469	21946.5000	8000.0000	0.0000	23796.0000	7000.0000	0.0000	2.7744	14.5538	-0.0000	1727.0178	6.6224	0.0000	5.1871	0.0000
23.1000	1239.9926	24.8889	20407.7490	7609.0948	0.0000	-0.0170	660.0940	21911.5000	8000.0000	0.0000	23756.0000	7000.0000	0.0000	2.7075	14.5701	-0.0000	1569.4872	6.4644	0.0000	5.1501	0.0000
23.2000	1240.9924	24.8118	20525.4156	7648.3571	0.0000	-0.0088	659.1450	21876.5000	8000.0000	0.0000	23716.0000	7000.0000	0.0000	2.6587	14.5868	-0.0000	1411.8628	6.3504	0.0000	5.1684	0.0000
23.3000	1241.9994	24.7856	20643.1556	7687.7164	0.0000	0.0010	658.1996	21841.5000	8000.0000	0.0000	23676.0000	7000.0000	0.0000	2.6312	14.6044	-0.0000	1254.1432	6.2873	0.0000	5.2577	0.0000
23.4000	1243.0028	24.8219	20760.9697	7727.1715	0.0000	0.0134	657.2580	21806.5000	8000.0000	0.0000	23636.0000	7000.0000	0.0000	2.6296	14.6231	-0.0000	1096.3278	6.2857	0.0000	5.4439	0.0000
23.5000	1243.9894	24.9383	20878.8569	7766.7223	0.0000	0.0297	656.3202	21771.5000	8000.0000	0.0000	23596.0000	7000.0000	0.0000	2.6609	14.6436	-0.0000	938.4176	6.3617	0.0000	5.7730	0.0000
23.6000	1244.9419	25.1632	20996.8140	7806.3703	0.0000	0.0525	655.3861	21736.5000	8000.0000	0.0000	23556.0000	7000.0000	0.0000	2.7369	14.6668	-0.0000	780.4148	6.5410	0.0000	6.3354	0.0000
23.7000	1245.8359	25.5469	21114.8354	7846.1188	0.0000	0.0877	654.4558	21701.5000	8000.0000	0.0000	23516.0000	7000.0000	0.0000	2.8795	14.6944	-0.0000	622.3240	6.8695	0.0000	7.3359	0.0000
23.8000	1246.6324	26.1906	21232.9107	7885.9745	0.0000	0.1498	653.5292	21666.5000	8000.0000	0.0000	23476.0000	7000.0000	0.0000	3.1363	14.7298	-0.0000	464.1530	7.4383	0.0000	9.3498	0.0000
23.9000	1247.2702	27.3447	21351.0224	7925.9500	0.0000	0.2883	652.6063	21631.5000	8000.0000	0.0000	23436.0000	7000.0000	0.0000	3.6548	14.7824	-0.0000	305.9148	8.4680	0.0000	14.6623	0.0000
24.0000	1247.7167	29.9093	21469.1418	7966.0776	0.0000	0.7299	651.6873	21596.5000	8000.0000	0.0000	23396.0000	7000.0000	0.0000	4.9067	14.8935	-0.0000	147.6287	10.7208	0.0000	30.0000	0.0000
24.0800	1247.8036	34.0389	21563.6085	7998.3357	0.0000	1.0846	650.9547	21568.5000	8000.0000	0.0000	23364.0000	7000.0000	0.0000	6.2769	15.7749	-0.0000	20.9875	14.5385	0.0000	30.0000	0.0000
