0	350.966	45.0000	2.4749	2.4749	0.0000	0.0000	979.8183	29996.5000	8000.0000	0.0000	32996.0000	7000.0000	0.0000	-0.0000	45.0000	-0.0000	30000.0000	-0.0000	0.0000	0.0000	0.0000
0.1000	360.5789	45.0003	27.6252	27.5713	0.0000	0.0002	978.0029	29961.5000	8000.0000	0.0000	32956.0000	7000.0000	0.0000	0.0477	45.0001	-0.0000	29964.5664	0.1104	0.0000	0.1608	0.0000
0.2000	370.1084	45.0022	53.5012	53.2961	0.0000	0.0005	976.1913	29926.5000	8000.0000	0.0000	32916.0000	7000.0000	0.0000	0.0934	45.0003	-0.0000	29928.1745	0.2157	0.0000	0.2961	0.0000
0.3000	379.5542	45.0062	80.0964	79.6435	0.0000	0.0010	974.3835	29891.5000	8000.0000	0.0000	32876.0000	7000.0000	0.0000	0.1376	45.0006	-0.0000	29890.8329	0.3172	0.0000	0.4178	0.0000
0.4000	388.9280	45.0128	107.4049	106.6084	0.0000	0.0014	972.5794	29856.5000	8000.0000	0.0000	32836.0000	7000.0000	0.0000	0.1808	45.0010	-0.0000	29852.5496	0.4156	0.0000	0.5322	0.0000
0.5000	398.2305	45.0219	135.4210	134.1861	0.0000	0.0018	970.7791	29821.5000	8000.0000	0.0000	32796.0000	7000.0000	0.0000	0.2231	45.0016	-0.0000	29813.3319	0.5111	0.0000	0.6428	0.0000
0.6000	407.4609	45.0333	164.1392	162.3720	0.0000	0.0022	968.9825	29786.5000	8000.0000	0.0000	32756.0000	7000.0000	0.0000	0.2645	45.0023	-0.0000	29773.1869	0.6041	0.0000	0.7516	0.0000
0.7000	416.6180	45.0469	193.5535	191.1617	0.0000	0.0026	967.1896	29751.5000	8000.0000	0.0000	32716.0000	7000.0000	0.0000	0.3047	45.0032	-0.0000	29732.1221	0.6945	0.0000	0.8536	0.0000
0.8000	425.7006	45.0624	223.6581	220.5503	0.0000	0.0029	965.4006	29716.5000	8000.0000	0.0000	32676.0000	7000.0000	0.0000	0.3438	45.0041	-0.0000	29690.1449	0.7825	0.0000	0.9528	0.0000
0.9000	434.7076	45.0796	254.4471	250.5332	0.0000	0.0031	963.6152	29681.5000	8000.0000	0.0000	32636.0000	7000.0000	0.0000	0.3821	45.0052	-0.0000	29647.2628	0.8680	0.0000	1.0498	0.0000
1.0000	443.6381	45.0982	285.9142	281.1058	0.0000	0.0034	961.8336	29646.5000	8000.0000	0.0000	32596.0000	7000.0000	0.0000	0.4194	45.0065	-0.0000	29603.4835	0.9510	0.0000	1.1444	0.0000
1.1000	452.4912	45.1181	318.0534	312.2632	0.0000	0.0036	960.0558	29611.5000	8000.0000	0.0000	32556.0000	7000.0000	0.0000	0.4557	45.0078	-0.0000	29558.8146	1.0316	0.0000	1.2372	0.0000
1.2000	461.2661	45.1390	350.8584	344.0007	0.0000	0.0038	958.2817	29576.5000	8000.0000	0.0000	32516.0000	7000.0000	0.0000	0.4911	45.0093	-0.0000	29513.2641	1.1098	0.0000	1.3283	0.0000
1.3000	469.9618	45.1610	384.3227	376.3135	0.0000	0.0039	956.5114	29541.5000	8000.0000	0.0000	32476.0000	7000.0000	0.0000	0.5255	45.0108	-0.0000	29466.8397	1.1857	0.0000	1.4173	0.0000
1.4000	478.5778	45.1837	418.4401	409.1966	0.0000	0.0040	954.7448	29506.5000	8000.0000	0.0000	32436.0000	7000.0000	0.0000	0.5591	45.0126	-0.0000	29419.5495	1.2592	0.0000	1.5043	0.0000
1.5000	487.1134	45.2072	453.2039	442.6454	0.0000	0.0042	952.9819	29471.5000	8000.0000	0.0000	32396.0000	7000.0000	0.0000	0.5917	45.0144	-0.0000	29371.4015	1.3306	0.0000	1.5892	0.0000
1.6000	495.5678	45.2313	488.6077	476.6548	0.0000	0.0043	951.2229	29436.5000	8000.0000	0.0000	32356.0000	7000.0000	0.0000	0.6234	45.0163	-0.0000	29322.4037	1.3997	0.0000	1.6721	0.0000
1.7000	503.9406	45.2560	524.6449	511.2199	0.0000	0.0043	949.4675	29401.5000	8000.0000	0.0000	32316.0000	7000.0000	0.0000	0.6543	45.0184	-0.0000	29272.5644	1.4667	0.0000	1.7531	0.0000
1.8000	512.2336	45.2811	561.3089	546.3358	0.0000	0.0044	947.7159	29366.5000	8000.0000	0.0000	32276.0000	7000.0000	0.0000	0.6845	45.0205	-0.0000	29221.8916	1.5317	0.0000	1.8248	0.0000
1.9000	520.4589	45.3066	598.5936	581.9981	0.0000	0.0045	945.9681	29331.5000	8000.0000	0.0000	32236.0000	7000.0000	0.0000	0.7141	45.0228	-0.0000	29170.3930	1.5946	0.0000	1.8858	0.0000
2.0000	528.6190	45.3324	636.4934	618.2030	0.0000	0.0045	944.2240	29296.5000	8000.0000	0.0000	32196.0000	7000.0000	0.0000	0.7429	45.0252	-0.0000	29118.0752	1.6556	0.0000	1.9438	0.0000
2.1000	536.7144	45.3586	675.0028	654.9468	0.0000	0.0046	942.4837	29261.5000	8000.0000	0.0000	32156.0000	7000.0000	0.0000	0.7710	45.0277	-0.0000	29064.9446	1.7147	0.0000	1.9992	0.0000
2.2000	544.7459	45.3850	714.1166	692.2257	0.0000	0.0046	940.7471	29226.5000	8000.0000	0.0000	32116.0000	7000.0000	0.0000	0.7984	45.0303	-0.0000	29011.0077	1.7719	0.0000	2.0520	0.0000
2.3000	552.7141	45.4117	753.8293	730.0362	0.0000	0.0047	939.0142	29191.5000	8000.0000	0.0000	32076.0000	7000.0000	0.0000	0.8251	45.0330	-0.0000	28956.2709	1.8273	0.0000	2.1024	0.0000
2.4000	560.6199	45.4385	794.1356	768.3748	0.0000	0.0047	937.2852	29156.5000	8000.0000	0.0000	32036.0000	7000.0000	0.0000	0.8511	45.0358	-0.0000	28900.7405	1.8810	0.0000	2.1504	0.0000
2.5000	568.4639	45.4655	835.0302	807.2378	0.0000	0.0047	935.5598	29121.5000	8000.0000	0.0000	31996.0000	7000.0000	0.0000	0.8764	45.0387	-0.0000	28844.4227	1.9331	0.0000	2.1962	0.0000
2.6000	576.2471	45.4927	876.5080	846.6219	0.0000	0.0047	933.8382	29086.5000	8000.0000	0.0000	31956.0000	7000.0000	0.0000	0.9011	45.0418	-0.0000	28787.3236	1.9834	0.0000	2.2398	0.0000
2.7000	583.9691	45.5198	918.5638	886.5236	0.0000	0.0048	932.1204	29051.5000	8000.0000	0.0000	31916.0000	7000.0000	0.0000	0.9250	45.0449	-0.0000	28729.4493	2.0322	0.0000	2.2813	0.0000
2.8000	591.6282	45.5471	961.1923	926.9394	0.0000	0.0048	930.4063	29016.5000	8000.0000	0.0000	31876.0000	7000.0000	0.0000	0.9483	45.0481	-0.0000	28670.8059	2.0795	0.0000	2.3208	0.0000
2.9000	599.2250	45.5744	1004.3883	967.8659	0.0000	0.0048	928.6960	28981.5000	8000.0000	0.0000	31836.0000	7000.0000	0.0000	0.9709	45.0514	-0.0000	28611.3997	2.1252	0.0000	2.3585	0.0000
3.0000	606.7604	45.6017	1048.1465	1009.2994	0.0000	0.0048	926.9894	28946.5000	8000.0000	0.0000	31796.0000	7000.0000	0.0000	0.9930	45.0548	-0.0000	28551.2369	2.1695	0.0000	2.3940	0.0000
3.1000	614.2699	44.4081	1092.4724	1051.2270	0.0000	-0.3840	925.2865	28911.5000	8000.0000	0.0000	31756.0000	7000.0000	0.0000	0.3684	13.0004	-0.0000	30018.9155	1.2302	0.0000	-17.7705	0.0000
3.2000	621.7697	41.8801	1137.3877	1093.6242	0.0000	-0.4822	923.5875	28876.5000	8000.0000	0.0000	31716.0000	7000.0000	0.0000	-0.6640	12.9569	-0.0000	29929.1525	-1.1558	0.0000	-13.7791	0.0000
3.3000	629.0730	39.0903	1182.9224	1136.4483	0.0000	-0.4840	921.8921	28841.5000	8000.0000	0.0000	31676.0000	7000.0000	0.0000	-1.8475	12.9125	-0.0000	29838.7095	-3.8116	0.0000	-13.8742	0.0000
3.4000	636.0574	36.3783	1229.0996	1179.6335	0.0000	-0.4578	920.2005	28806.5000	8000.0000	0.0000	31636.0000	7000.0000	0.0000	-2.9739	12.8675	-0.0000	29747.5781	-6.3527	0.0000	-15.0390	0.0000
3.5000	642.7275	33.8405	1275.9382	1223.1123	0.0000	-0.4243	918.5127	28771.5000	8000.0000	0.0000	31596.0000	7000.0000	0.0000	-3.9940	12.8219	-0.0000	29655.7553	-8.6750	0.0000	-16.3946	0.0000
3.6000	649.1858	31.4982	1323.4563	1266.8232	0.0000	-0.3901	916.8286	28736.5000	8000.0000	0.0000	31556.0000	7000.0000	0.0000	-4.9157	12.7759	-0.0000	29563.2381	-10.7582	0.0000	-17.6770	0.0000
3.7000	655.4566	29.3484	1371.6744	1310.7134	0.0000	-0.3574	915.1483	28701.5000	8000.0000	0.0000	31516.0000	7000.0000	0.0000	-5.7287	12.7295	-0.0000	29470.0185	-12.6093	0.0000	-18.8126	0.0000
3.8000	661.5372	27.3807	1420.6091	1354.7335	0.0000	-0.3268	913.4717	28666.5000	8000.0000	0.0000	31476.0000	7000.0000	0.0000	-6.4408	12.6829	-0.0000	29376.0912	-14.2440	0.0000	-19.7894	0.0000
3.9000	667.4305	25.5828	1470.2726	1398.8378	0.0000	-0.2983	911.7988	28631.5000	8000.0000	0.0000	31436.0000	7000.0000	0.0000	-7.0608	12.6361	-0.0000	29281.4538	-15.6794	0.0000	-20.6150	0.0000
4.0000	673.1434	23.9422	1520.6742	1442.9839	0.0000	-0.2720	910.1298	28596.5000	8000.0000	0.0000	31396.0000	7000.0000	0.0000	-7.5976	12.5893	-0.0000	29186.1066	-16.9324	0.0000	-21.3016	0.0000
4.1000	678.6859	22.4471	1571.8200	1487.1329	0.0000	-0.2478	908.4644	28561.5000	8000.0000	0.0000	31356.0000	7000.0000	0.0000	-8.0594	12.5425	-0.0000	29090.0516	-18.0189	0.0000	-21.8624	0.0000
4.2000	684.0697	21.0862	1623.7139	1531.2493	0.0000	-0.2254	906.8028	28526.5000	8000.0000	0.0000	31316.0000	7000.0000	0.0000	-8.4539	12.4957	-0.0000	28993.2923	-18.9537	0.0000	-22.3098	0.0000
4.3000	689.3077	19.8487	1676.3580	1575.3010	0.0000	-0.2048	905.1450	28491.5000	8000.0000	0.0000	31276.0000	7000.0000	0.0000	-8.7881	12.4490	-0.0000	28895.8334	-19.7505	0.0000	-22.6552	0.0000
4.4000	694.4135	18.7248	1729.7527	1619.2589	0.0000	-0.1859	903.4909	28456.5000	8000.0000	0.0000	31236.0000	7000.0000	0.0000	-9.0683	12.4026	-0.0000	28797.6802	-20.4220	0.0000	-22.9092	0.0000
4.5000	699.4005	17.7050	1783.8975	1663.0968	0.0000	-0.1686	901.8406	28421.5000	8000.0000	0.0000	31196.0000	7000.0000	0.0000	-9.3002	12.3563	-0.0000	28698.8385	-20.9799	0.0000	-23.0812	0.0000
4.6000	704.2820	16.7807	1838.7907	1706.7913	0.0000	-0.1527	900.1940	28386.5000	8000.0000	0.0000	31156.0000	7000.0000	0.0000	-9.4887	12.3104	-0.0000	28599.3142	-21.4349	0.0000	-23.1972	0.0000
4.7000	709.0712	15.9440	1894.4300	1750.3215	0.0000	-0.1381	898.5511	28351.5000	8000.0000	0.0000	31116.0000	7000.0000	0.0000	-9.6384	12.2647	-0.0000	28499.1137	-21.7970	0.0000	-23.2604	0.0000
4.8000	713.7801	15.1874	1950.8123	1793.6689	0.0000	-0.1248	896.9121	28316.5000	8000.0000	0.0000	31076.0000	7000.0000	0.0000	-9.7535	12.2194	-0.0000	28398.2431	-22.0751	0.0000	-23.2649	0.0000
4.9000	718.4201	14.5040	2007.9345	1836.8172	0.0000	-0.1127	895.2767	28281.5000	8000.0000	0.0000	31036.0000	7000.0000	0.0000	-9.8377	12.1745	-0.0000	28296.7086	-22.2776	0.0000	-23.2170	0.0000
5.0000	723.0018	13.8875	2065.7927	1879.7521	0.0000	-0.1016	893.6451	28246.5000	8000.0000	0.0000	30996.0000	7000.0000	0.0000	-9.8944	12.1300	-0.0000	28194.5161	-22.4122	0.0000	-23.1223	0.0000
5.1000	727.5349	13.3318	2124.3830	1922.4610	0.0000	-0.0915	892.0173	28211.5000	8000.0000	0.0000	30956.0000	7000.0000	0.0000	-9.9263	12.0860	-0.0000	28091.6716	-22.4858	0.0000	-22.9862	0.0000
5.2000	732.0282	12.8317	2183.7014	1964.9330	0.0000	-0.0823	890.3932	28176.5000	8000.0000	0.0000	30916.0000	7000.0000	0.0000	-9.9363	12.0424	-0.0000	27988.1805	-22.5049	0.0000	-22.8133	0.0000
5.3000	736.4895	12.3820	2243.7436	2007.1589	0.0000	-0.0739	888.7729	28141.5000	8000.0000	0.0000	30876.0000	7000.0000	0.0000	-9.9266	11.9992	-0.0000	27884.0484	-22.4754	0.0000	-22.6081	0.0000
5.4000	740.9258	11.9783	2304.5053	2049.1305	0.0000	-0.0663	887.1563	28106.5000	8000.0000	0.0000	30836.0000	7000.0000	0.0000	-9.8994	11.9566	-0.0000	27779.2803	-22.4025	0.0000	-22.3746	0.0000
5.5000	745.3435	11.6163	2365.9822	2090.8413	0.0000	-0.0594	885.5434	28071.5000	8000.0000	0.0000	30796.0000	7000.0000	0.0000	-9.8566	11.9145	-0.0000	27673.8813	-22.2911	0.0000	-22.1162	0.0000
5.6000	749.7480	11.2923	2428.1700	2132.2855	0.0000	-0.0532	883.9344	28036.5000	8000.0000	0.0000	30756.0000	7000.0000	0.0000	-9.7999	11.8729	-0.0000	27567.8560	-22.1456	0.0000	-21.8363	0.0000
5.7000	754.1441	11.0027	2491.0642	2173.4585	0.0000	-0.0475	882.3290	28001.5000	8000.0000	0.0000	30716.0000	7000.0000	0.0000	-9.7309	11.8318	-0.0000	27461.2089	-21.9700	0.0000	-21.5377	0.0000
5.8000	758.5357	10.7444	2554.6605	2214.3567	0.0000	-0.0423	880.7274	27966.5000	8000.0000	0.0000	30676.0000	7000.0000	0.0000	-9.6509	11.7913	-0.0000	27353.9445	-21.7679	0.0000	-21.2232	0.0000
5.9000	762.9266	10.5145	2618.9546	2254.9771	0.0000	-0.0376	879.1296	27931.5000	8000.0000	0.0000	30636.0000	7000.0000	0.0000	-9.5613	11.7514	-0.0000	27246.0668	-21.5427	0.0000	-20.8951	0.0000
6.0000	767.3194	10.3104	2683.9421	2295.3177	0.0000	-0.0333	877.5355	27896.5000	8000.0000	0.0000	30596.0000	7000.0000	0.0000	-9.4635	11.7120	-0.0000	27137.5798	-21.2972	0.0000	-20.5569	0.0000
6.1000	771.7166	10.1295	2749.6187	2335.3768	0.0000	-0.0295	875.9452	27861.5000	8000.0000	0.0000	30556.0000	7000.0000	0.0000	-9.3582	11.6731	-0.0000	27028.4873	-21.0343	0.0000	-20.2088	0.0000
6.2000	776.1202	9.9696	2815.9803	2375.1537	0.0000	-0.0260	874.3586	27826.5000	8000.0000	0.0000	30516.0000	7000.0000	0.0000	-9.2464	11.6348	-0.0000	26918.7931	-20.7565	0.0000	-19.8529	0.0000
6.3000	780.5317	9.8289	2883.0224	2414.6478	0.0000	-0.0229	872.7757	27791.5000	8000.0000	0.0000	30476.0000	7000.0000	0.0000	-9.1289	11.5971	-0.0000	26808.5006	-20.4657	0.0000	-19.4908	0.0000
6.4000	784.9524	9.7054	2950.7410	2453.8594	0.0000	-0.0200	871.1967	27756.5000	8000.0000	0.0000	30436.0000	7000.0000	0.0000	-9.0065	11.5600	-0.0000	26697.6134	-20.1641	0.0000	-19.1240	0.0000
6.5000	789.3831	9.5978	3019.1318	2492.7889	0.0000	-0.0174	869.6213	27721.5000	8000.0000	0.0000	30396.0000	7000.0000	0.0000	-8.8798	11.5235	-0.0000	26586.1348	-19.8534	0.0000	-18.7537	0.0000
6.6000	793.8246	9.5044	3088.1906	2531.4372	0.0000	-0.0150	868.0497	27686.5000	8000.0000	0.0000	30356.0000	7000.0000	0.0000	-8.7495	11.4875	-0.0000	26474.0680	-19.5350	0.0000	-18.3811	0.0000
6.7000	798.2771	9.4240	3157.9133	2569.8056	0.0000	-0.0129	866.4819	27651.5000	8000.0000	0.0000	30316.0000	7000.0000	0.0000	-8.6161	11.4521	-0.0000	26361.4163	-19.2104	0.0000	-18.0072	0.0000
6.8000	802.7408	9.3555	3228.2957	2607.8956	0.0000	-0.0109	864.9178	27616.5000	8000.0000	0.0000	30276.0000	7000.0000	0.0000	-8.4801	11.4173	-0.0000	26248.1828	-18.8809	0.0000	-17.6327	0.0000
6.9000	807.2158	9.2977	3299.3337	2645.7090	0.0000	-0.0091	863.3575	27581.5000	8000.0000	0.0000	30236.0000	7000.0000	0.0000	-8.3420	11.3830	-0.0000	26134.3706	-18.5475	0.0000	-17.2586	0.0000
7.0000	811.7017	9.2498	3371.0232	2683.2480	0.0000	-0.0075	861.8009	27546.5000	8000.0000	0.0000	30196.0000	7000.0000	0.0000	-8.2021	11.3494	-0.0000	26019.9827	-18.2113	0.0000	-16.8854	0.0000
7.1000	816.1984	9.2108	3443.3602	2720.5147	0.0000	-0.0060	860.2480	27511.5000	8000.0000	0.0000	30156.0000	7000.0000	0.0000	-8.0608	11.3163	-0.0000	25905.0221	-17.8731	0.0000	-16.5139	0.0000
7.2000	820.7053	9.1799	3516.3405	2757.5118	0.0000	-0.0047	858.6990	27476.5000	8000.0000	0.0000	30116.0000	7000.0000	0.0000	-7.9185	11.2837	-0.0000	25789.4917	-17.5337	0.0000	-16.1445	0.0000
7.3000	825.2219	9.1565	3589.9602	2794.2417	0.0000	-0.0034	857.1536	27441.5000	8000.0000	0.0000	30076.0000	7000.0000	0.0000	-7.7752	11.2518	-0.0000	25673.3944	-17.1937	0.0000	-15.7716	0.0000
7.4000	829.7479	9.1399	3664.2150	2830.7075	0.0000	-0.0023	855.6120	27406.5000	8000.0000	0.0000	30036.0000	7000.0000	0.0000	-7.6306	11.2204	-0.0000	25556.7331	-16.8540	0.0000	-15.3846	0.0000
7.5000	834.2826	9.1295	3739.1011	2866.9120	0.0000	-0.0012	854.0742	27371.5000	8000.0000	0.0000	29996.0000	7000.0000	0.0000	-7.4857	11.1896	-0.0000	25439.5108	-16.5149	0.0000	-15.0020	0.0000
7.6000	838.8253	9.1249	3814.6143	2902.8585	0.0000	-0.0003	852.5401	27336.5000	8000.0000	0.0000	29956.0000	7000.0000	0.0000	-7.3409	11.1594	-0.0000	25321.7302	-16.1770	0.0000	-14.6242	0.0000
7.7000	843.3751	9.1256	3890.7506	2938.5503	0.0000	0.0006	851.0098	27301.5000	8000.0000	0.0000	29916.0000	7000.0000	0.0000	-7.1963	11.1297	-0.0000	25203.3941	-15.8408	0.0000	-14.2512	0.0000
7.8000	847.9311	9.1310	3967.5060	2973.9907	0.0000	0.0014	849.4832	27266.5000	8000.0000	0.0000	29876.0000	7000.0000	0.0000	-7.0520	11.1005	-0.0000	25084.5055	-15.5065	0.0000	-13.8834	0.0000
7.9000	852.4926	9.1409	4044.8764	3009.1832	0.0000	0.0021	847.9603	27231.5000	8000.0000	0.0000	29836.0000	7000.0000	0.0000	-6.9083	11.0719	-0.0000	24965.0671	-15.1746	0.0000	-13.5209	0.0000
8.0000	857.0586	9.1548	4122.8580	3044.1312	0.0000	0.0028	846.4413	27196.5000	8000.0000	0.0000	29796.0000	7000.0000	0.0000	-6.7653	11.0439	-0.0000	24845.0816	-14.8452	0.0000	-13.1639	0.0000
8.1000	861.6281	9.1725	4201.4466	3078.8384	0.0000	0.0034	844.9259	27161.5000	8000.0000	0.0000	29756.0000	7000.0000	0.0000	-6.6231	11.0164	-0.0000	24724.5520	-14.5187	0.0000	-12.8125	0.0000
8.2000	866.2004	9.1936	4280.6383	3113.3084	0.0000	0.0040	843.4143	27126.5000	8000.0000	0.0000	29716.0000	7000.0000	0.0000	-6.4817	10.9895	-0.0000	24603.4810	-14.1953	0.0000	-12.4668	0.0000
8.3000	870.7745	9.2179	4360.4292	3147.5448	0.0000	0.0045	841.9065	27091.5000	8000.0000	0.0000	29676.0000	7000.0000	0.0000	-6.3414	10.9631	-0.0000	24481.8713	-13.8751	0.0000	-12.1269	0.0000
8.4000	875.3494	9.2451	4440.8153	3181.5513	0.0000	0.0050	840.4024	27056.5000	8000.0000	0.0000	29636.0000	7000.0000	0.0000	-6.2022	10.9372	-0.0000	24359.7259	-13.5582	0.0000	-11.7928	0.0000
8.5000	879.9244	9.2751	4521.7925	3215.3318	0.0000	0.0055	838.9021	27021.5000	8000.0000	0.0000	29596.0000	7000.0000	0.0000	-6.0641	10.9118	-0.0000	24237.0474	-13.2449	0.0000	-11.4645	0.0000
8.6000	884.4985	9.3076	4603.3571	3248.8898	0.0000	0.0059	837.4055	26986.5000	8000.0000	0.0000	29556.0000	7000.0000	0.0000	-5.9273	10.8870	-0.0000	24113.8386	-12.9352	0.0000	-11.1422	0.0000
8.7000	889.0709	9.3424	4685.5051	3282.2292	0.0000	0.0063	835.9126	26951.5000	8000.0000	0.0000	29516.0000	7000.0000	0.0000	-5.7917	10.8627	-0.0000	23990.1024	-12.6292	0.0000	-10.8257	0.0000
8.8000	893.6407	9.3795	4768.2325	3315.3539	0.0000	0.0067	834.4236	26916.5000	8000.0000	0.0000	29476.0000	7000.0000	0.0000	-5.6574	10.8390	-0.0000	23865.8415	-12.3270	0.0000	-10.5151	0.0000
8.9000	898.2072	9.4186	4851.5355	3348.2676	0.0000	0.0070	832.9382	26881.5000	8000.0000	0.0000	29436.0000	7000.0000	0.0000	-5.5246	10.8157	-0.0000	23741.0587	-12.0286	0.0000	-10.2104	0.0000
9.0000	902.7694	9.4596	4935.4102	3380.9741	0.0000	0.0073	831.4566	26846.5000	8000.0000	0.0000	29396.0000	7000.0000	0.0000	-5.3931	10.7929	-0.0000	23615.7567	-11.7341	0.0000	-9.9114	0.0000
9.1000	907.3267	9.5023	5019.8527	3413.4772	0.0000	0.0076	829.9788	26811.5000	8000.0000	0.0000	29356.0000	7000.0000	0.0000	-5.2631	10.7707	-0.0000	23489.9384	-11.4434	0.0000	-9.6183	0.0000
9.2000	911.8783	9.5468	5104.8592	3445.7808	0.0000	0.0079	828.5047	26776.5000	8000.0000	0.0000	29316.0000	7000.0000	0.0000	-5.1345	10.7489	-0.0000	23363.6065	-11.1566	0.0000	-9.3309	0.0000
9.3000	916.4234	9.5928	5190.4258	3477.8887	0.0000	0.0082	827.0344	26741.5000	8000.0000	0.0000	29276.0000	7000.0000	0.0000	-5.0074	10.7277	-0.0000	23236.7637	-10.8738	0.0000	-9.0492	0.0000
9.4000	920.9614	9.6403	5276.5487	3509.8047	0.0000	0.0084	825.5678	26706.5000	8000.0000	0.0000	29236.0000	7000.0000	0.0000	-4.8817	10.7069	-0.0000	23109.4129	-10.5948	0.0000	-8.7731	0.0000
9.5000	925.4915	9.6892	5363.2241	3541.5326	0.0000	0.0087	824.1049	26671.5000	8000.0000	0.0000	29196.0000	7000.0000	0.0000	-4.7576	10.6866	-0.0000	22981.5569	-10.3198	0.0000	-8.5025	0.0000
9.6000	930.0131	9.7394	5450.4483	3573.0762	0.0000	0.0089	822.6459	26636.5000	8000.0000	0.0000	29156.0000	7000.0000	0.0000	-4.6350	10.6668	-0.0000	22853.1983	-10.0487	0.0000	-8.2375	0.0000
9.7000	934.5257	9.7908	5538.2174	3604.4393	0.0000	0.0091	821.1905	26601.5000	8000.0000	0.0000	29116.0000	7000.0000	0.0000	-4.5139	10.6475	-0.0000	22724.3400	-9.7814	0.0000	-7.9778	0.0000
9.8000	939.0285	9.8434	5626.5277	3635.6258	0.0000	0.0093	819.7389	26566.5000	8000.0000	0.0000	29076.0000	7000.0000	0.0000	-4.3944	10.6287	-0.0000	22594.9846	-9.5180	0.0000	-7.7236	0.0000
9.9000	943.5210	9.8970	5715.3754	3666.6393	0.0000	0.0095	818.2911	26531.5000	8000.0000	0.0000	29036.0000	7000.0000	0.0000	-4.2763	10.6103	-0.0000	22465.1351	-9.2584	0.0000	-7.4745	0.0000
10.0000	948.0026	9.9517	5804.7569	3697.4836	0.0000	0.0096	816.8470	26496.5000	8000.0000	0.0000	28996.0000	7000.0000	0.0000	-4.1598	10.5924	-0.0000	22334.7940	-9.0026	0.0000	-7.2307	0.0000
10.1000	952.4728	10.0074	5894.6684	3728.1625	0.0000	0.0098	815.4067	26461.5000	8000.0000	0.0000	28956.0000	7000.0000	0.0000	-4.0449	10.5749	-0.0000	22203.9641	-8.7506	0.0000	-6.9920	0.0000
10.2000	956.9312	10.0640	5985.1063	3758.6797	0.0000	0.0100	813.9701	26426.5000	8000.0000	0.0000	28916.0000	7000.0000	0.0000	-3.9314	10.5579	-0.0000	22072.6482	-8.5022	0.0000	-6.7584	0.0000
10.3000	961.3772	10.1214	6076.0670	3789.0389	0.0000	0.0101	812.5372	26391.5000	8000.0000	0.0000	28876.0000	7000.0000	0.0000	-3.8195	10.5414	-0.0000	21940.8489	-8.2576	0.0000	-6.5296	0.0000
10.4000	965.8103	10.1797	6167.5466	3819.2438	0.0000	0.0102	811.1082	26356.5000	8000.0000	0.0000	28836.0000	7000.0000	0.0000	-3.7090	10.5253	-0.0000	21808.5691	-8.0166	0.0000	-6.3058	0.0000
10.5000	970.2421	10.2387	6259.5421	3849.2982	0.0000	0.0104	809.6828	26321.5000	8000.0000	0.0000	28796.0000	7000.0000	0.0000	-3.6033	10.5097	-0.0000	21675.8112	-7.7792	0.0000	-6.0866	0.0000
10.6000	974.6852	10.2985	6352.0518	3879.2059	0.0000	0.0105	808.2612	26286.5000	8000.0000	0.0000	28756.0000	7000.0000	0.0000	-3.4991	10.4945	-0.0000	21542.5759	-7.5451	0.0000	-5.8719	0.0000
10.7000	979.1298	10.3588	6445.0743	3908.9711	0.0000	0.0105	806.8434	26251.5000	8000.0000	0.0000	28716.0000	7000.0000	0.0000	-3.3977	10.4797	-0.0000	21408.8637	-7.3145	0.0000	-5.6884	0.0000
10.8000	983.5589	10.4189	6538.6069	3938.5970	0.0000	0.0104	805.4293	26216.5000	8000.0000	0.0000	28676.0000	7000.0000	0.0000	-3.2982	10.4654	-0.0000	21274.6764	-7.0879	0.0000	-5.5115	0.0000
10.9000	987.9716	10.4782	6632.6460	3968.0868	0.0000	0.0103	804.0190	26181.5000	8000.0000	0.0000	28636.0000	7000.0000	0.0000	-3.2002	10.4515	-0.0000	21140.0168	-6.8658	0.0000	-5.3361	0.0000
11.0000	992.3672	10.5369	6727.1881	3997.4435	0.0000	0.0102	802.6124	26146.5000	8000.0000	0.0000	28596.0000	7000.0000	0.0000	-3.1038	10.4380	-0.0000	21004.8875	-6.6481	0.0000	-5.1633	0.0000
11.1000	996.7451	10.5953	6822.2297	4026.6700	0.0000	0.0102	801.2095	26111.5000	8000.0000	0.0000	28556.0000	7000.0000	0.0000	-3.0089	10.4250	-0.0000	20869.2914	-6.4343	0.0000	-4.9931	0.0000
11.2000	1001.1046	10.6537	6917.7672	4055.7694	0.0000	0.0102	799.8105	26076.5000	8000.0000	0.0000	28516.0000	7000.0000	0.0000	-2.9153	10.4123	-0.0000	20733.2314	-6.2242	0.0000	-4.8255	0.0000
11.3000	1005.4453	10.7122	7013.7969	4084.7445	0.0000	0.0102	798.4151	26041.5000	8000.0000	0.0000	28476.0000	7000.0000	0.0000	-2.8229	10.4001	-0.0000	20596.7104	-6.0175	0.0000	-4.6602	0.0000
11.4000	1009.7665	10.7711	7110.3155	4113.5984	0.0000	0.0103	797.0235	26006.5000	8000.0000	0.0000	28436.0000	7000.0000	0.0000	-2.7315	10.3884	-0.0000	20459.7311	-5.8139	0.0000	-4.4973	0.0000
11.5000	1014.0681	10.8305	7207.3191	4142.3340	0.0000	0.0104	795.6357	25971.5000	8000.0000	0.0000	28396.0000	7000.0000	0.0000	-2.6412	10.3770	-0.0000	20322.2964	-5.6131	0.0000	-4.3364	0.0000
11.6000	1018.3494	10.8907	7304.8043	4170.9542	0.0000	0.0106	794.2516	25936.5000	8000.0000	0.0000	28356.0000	7000.0000	0.0000	-2.5518	10.3660	-0.0000	20184.4094	-5.4150	0.0000	-4.1776	0.0000
11.7000	1022.6102	10.9516	7402.7675	4199.4619	0.0000	0.0107	792.8713	25901.5000	8000.0000	0.0000	28316.0000	7000.0000	0.0000	-2.4632	10.3555	-0.0000	20046.0729	-5.2194	0.0000	-4.0206	0.0000
11.8000	1026.8502	11.0135	7501.2050	4227.8602	0.0000	0.0109	791.4947	25866.5000	8000.0000	0.0000	28276.0000	7000.0000	0.0000	-2.3754	10.3454	-0.0000	19907.2897	-5.0262	0.0000	-3.8655	0.0000
11.9000	1031.0681	11.0764	7600.1132	4256.1520	0.0000	0.0111	790.1218	25831.5000	8000.0000	0.0000	28236.0000	7000.0000	0.0000	-2.2882	10.3356	-0.0000	19768.0629	-4.8352	0.0000	-3.7121	0.0000
12.0000	1035.2621	11.1403	7699.4884	4284.3401	0.0000	0.0113	788.7528	25796.5000	8000.0000	0.0000	28196.0000	7000.0000	0.0000	-2.2017	10.3263	-0.0000	19628.3955	-4.6464	0.0000	-3.5604	0.0000
12.1000	1039.4320	11.2053	7799.3268	4312.4277	0.0000	0.0115	787.3874	25761.5000	8000.0000	0.0000	28156.0000	7000.0000	0.0000	-2.1158	10.3174	-0.0000	19488.2907	-4.4595	0.0000	-3.4103	0.0000
12.2000	1043.5776	11.2715	7899.6244	4340.4175	0.0000	0.0117	786.0258	25726.5000	8000.0000	0.0000	28116.0000	7000.0000	0.0000	-2.0306	10.3089	-0.0000	19347.7517	-4.2747	0.0000	-3.2618	0.0000
12.3000	1047.6987	11.3388	8000.3775	4368.3125	0.0000	0.0119	784.6680	25691.5000	8000.0000	0.0000	28076.0000	7000.0000	0.0000	-1.9461	10.3008	-0.0000	19206.7816	-4.0918	0.0000	-3.1148	0.0000
12.4000	1051.7952	11.4073	8101.5822	4396.1159	0.0000	0.0121	783.3139	25656.5000	8000.0000	0.0000	28036.0000	7000.0000	0.0000	-1.8622	10.2931	-0.0000	19065.3836	-3.9107	0.0000	-2.9694	0.0000
12.5000	1055.8668	11.4769	8203.2348	4423.8305	0.0000	0.0123	781.9636	25621.5000	8000.0000	0.0000	27996.0000	7000.0000	0.0000	-1.7789	10.2857	-0.0000	18923.5608	-3.7315	0.0000	-2.8255	0.0000
12.6000	1059.9135	11.5478	8305.3315	4451.4593	0.0000	0.0125	780.6170	25586.5000	8000.0000	0.0000	27956.0000	7000.0000	0.0000	-1.6962	10.2788	-0.0000	18781.3163	-3.5540	0.0000	-2.6831	0.0000
12.7000	1063.9349	11.6197	8407.8683	4479.0055	0.0000	0.0127	779.2741	25551.5000	8000.0000	0.0000	27916.0000	7000.0000	0.0000	-1.6141	10.2722	-0.0000	18638.6534	-3.3783	0.0000	-2.5422	0.0000
12.8000	1067.9311	11.6928	8510.8417	4506.4719	0.0000	0.0129	777.9351	25516.5000	8000.0000	0.0000	27876.0000	7000.0000	0.0000	-1.5326	10.2661	-0.0000	18495.5752	-3.2044	0.0000	-2.4027	0.0000
12.9000	1071.9034	11.7671	8614.2477	4533.8618	0.0000	0.0131	776.5997	25481.5000	8000.0000	0.0000	27836.0000	7000.0000	0.0000	-1.4521	10.2603	-0.0000	18352.0847	-3.0322	0.0000	-2.2647	0.0000
13.0000	1075.8632	11.8424	8718.0833	4561.1783	0.0000	0.0132	775.2681	25446.5000	8000.0000	0.0000	27796.0000	7000.0000	0.0000	-1.3726	10.2549	-0.0000	18208.1846	-2.8617	0.0000	-2.1281	0.0000
13.1000	1079.8128	11.9187	8822.3461	4588.4247	0.0000	0.0134	773.9403	25411.5000	8000.0000	0.0000	27756.0000	7000.0000	0.0000	-1.2937	10.2498	-0.0000	18063.8765	-2.6929	0.0000	-1.9931	0.0000
13.2000	1083.7519	11.9960	8927.0339	4615.6046	0.0000	0.0136	772.6162	25376.5000	8000.0000	0.0000	27716.0000	7000.0000	0.0000	-1.2152	10.2452	-0.0000	17919.1621	-2.5258	0.0000	-1.8595	0.0000
13.3000	1087.6802	12.0743	9032.1445	4642.7212	0.0000	0.0137	771.2959	25341.5000	8000.0000	0.0000	27676.0000	7000.0000	0.0000	-1.1373	10.2409	-0.0000	17774.0428	-2.3605	0.0000	-1.7274	0.0000
13.4000	1091.5973	12.1534	9137.6756	4669.7781	0.0000	0.0139	769.9793	25306.5000	8000.0000	0.0000	27636.0000	7000.0000	0.0000	-1.0600	10.2369	-0.0000	17628.5203	-2.1969	0.0000	-1.5969	0.0000
13.5000	1095.5031	12.2334	9243.6248	4696.7786	0.0000	0.0140	768.6664	25271.5000	8000.0000	0.0000	27596.0000	7000.0000	0.0000	-0.9833	10.2334	-0.0000	17482.5962	-2.0352	0.0000	-1.4679	0.0000
13.6000	1099.3885	12.3142	9349.9897	4723.7262	0.0000	0.0142	767.3574	25236.5000	8000.0000	0.0000	27556.0000	7000.0000	0.0000	-0.9065	10.2301	-0.0000	17336.2723	-1.8752	0.0000	-1.3403	0.0000
13.7000	1103.2371	12.3958	9456.7663	4750.6238	0.0000	0.0143	766.0520	25201.5000	8000.0000	0.0000	27516.0000	7000.0000	0.0000	-0.8303	10.2273	-0.0000	17189.5517	-1.7172	0.0000	-1.2143	0.0000
13.8000	1107.0485	12.4780	9563.9499	4777.4744	0.0000	0.0144	764.7504	25166.5000	8000.0000	0.0000	27476.0000	7000.0000	0.0000	-0.7549	10.2248	-0.0000	17042.4387	-1.5609	0.0000	-1.0899	0.0000
13.9000	1110.8229	12.5609	9671.5355	4804.2809	0.0000	0.0145	763.4526	25131.5000	8000.0000	0.0000	27436.0000	7000.0000	0.0000	-0.6803	10.2226	-0.0000	16894.9373	-1.4066	0.0000	-0.9669	0.0000
14.0000	1114.5602	12.6445	9779.5187	4831.0461	0.0000	0.0146	762.1585	25096.5000	8000.0000	0.0000	27396.0000	7000.0000	0.0000	-0.6064	10.2208	-0.0000	16747.0517	-1.2541	0.0000	-0.8456	0.0000
14.1000	1118.2605	12.7287	9887.8946	4857.7729	0.0000	0.0147	760.8682	25061.5000	8000.0000	0.0000	27356.0000	7000.0000	0.0000	-0.5334	10.2193	-0.0000	16598.7860	-1.1035	0.0000	-0.7257	0.0000
14.2000	1121.9237	12.8134	9996.6585	4884.4642	0.0000	0.0148	759.5816	25026.5000	8000.0000	0.0000	27316.0000	7000.0000	0.0000	-0.4612	10.2182	-0.0000	16450.1443	-0.9547	0.0000	-0.6077	0.0000
14.3000	1125.5500	12.8988	10105.8059	4911.1228	0.0000	0.0150	758.2987	24991.5000	8000.0000	0.0000	27276.0000	7000.0000	0.0000	-0.3898	10.2174	-0.0000	16301.1306	-0.8077	0.0000	-0.4917	0.0000
14.4000	1129.1394	12.9847	10215.3321	4937.7516	0.0000	0.0151	757.0197	24956.5000	8000.0000	0.0000	27236.0000	7000.0000	0.0000	-0.3192	10.2169	-0.0000	16151.7490	-0.6624	0.0000	-0.3768	0.0000
14.5000	1132.6920	13.0712	10325.2325	4964.3535	0.0000	0.0152	755.7443	24921.5000	8000.0000	0.0000	27196.0000	7000.0000	0.0000	-0.2493	10.2167	-0.0000	16002.0036	-0.5189	0.0000	-0.2631	0.0000
14.6000	1136.2079	13.1583	10435.5025	4990.9311	0.0000	0.0152	754.4727	24886.5000	8000.0000	0.0000	27156.0000	7000.0000	0.0000	-0.1802	10.2169	-0.0000	15851.8983	-0.3772	0.0000	-0.1503	0.0000
14.7000	1139.6870	13.2458	10546.1376	5017.4875	0.0000	0.0153	753.2049	24851.5000	8000.0000	0.0000	27116.0000	7000.0000	0.0000	-0.1118	10.2174	-0.0000	15701.4371	-0.2372	0.0000	-0.0387	0.0000
14.8000	1143.1296	13.3338	10657.1331	5044.0253	0.0000	0.0154	751.9408	24816.5000	8000.0000	0.0000	27076.0000	7000.0000	0.0000	-0.0441	10.2182	-0.0000	15550.6240	-0.0990	0.0000	0.0718	0.0000
14.9000	1146.5350	13.4221	10768.4847	5070.5475	0.0000	0.0154	750.6805	24781.5000	8000.0000	0.0000	27036.0000	7000.0000	0.0000	0.0227	10.2193	-0.0000	15399.4630	0.0374	0.0000	0.1807	0.0000
15.0000	1149.8922	13.5107	10880.1872	5097.0566	0.0000	0.0155	749.4239	24746.5000	8000.0000	0.0000	26996.0000	7000.0000	0.0000	0.0886	10.2207	-0.0000	15247.9584	0.1719	0.0000	0.2873	0.0000
15.1000	1153.1983	13.5993	10992.2349	5123.5551	0.0000	0.0155	748.1710	24711.5000	8000.0000	0.0000	26956.0000	7000.0000	0.0000	0.1534	10.2224	-0.0000	15096.1154	0.3044	0.0000	0.3923	0.0000
15.2000	1156.4536	13.6879	11104.6218	5150.0455	0.0000	0.0155	746.9220	24676.5000	8000.0000	0.0000	26916.0000	7000.0000	0.0000	0.2171	10.2244	-0.0000	14943.9395	0.4347	0.0000	0.4954	0.0000
15.3000	1159.6586	13.7764	11217.3422	5176.5301	0.0000	0.0154	745.6766	24641.5000	8000.0000	0.0000	26876.0000	7000.0000	0.0000	0.2797	10.2267	-0.0000	14791.4360	0.5630	0.0000	0.5965	0.0000
15.4000	1162.8135	13.8649	11330.3904	5203.0111	0.0000	0.0154	744.4350	24606.5000	8000.0000	0.0000	26836.0000	7000.0000	0.0000	0.3412	10.2293	-0.0000	14638.6100	0.6893	0.0000	0.6956	0.0000
15.5000	1165.9189	13.9533	11443.7605	5229.4909	0.0000	0.0154	743.1972	24571.5000	8000.0000	0.0000	26796.0000	7000.0000	0.0000	0.4017	10.2322	-0.0000	14485.4670	0.8135	0.0000	0.7929	0.0000
15.6000	1168.9751	14.0416	11557.4469	5255.9719	0.0000	0.0154	741.9631	24536.5000	8000.0000	0.0000	26756.0000	7000.0000	0.0000	0.4611	10.2353	-0.0000	14332.0119	0.9359	0.0000	0.8884	0.0000
15.7000	1171.9826	14.1299	11671.4442	5282.4561	0.0000	0.0154	740.7328	24501.5000	8000.0000	0.0000	26716.0000	7000.0000	0.0000	0.5196	10.2388	-0.0000	14178.2500	1.0563	0.0000	0.9829	0.0000
15.8000	1174.9417	14.2182	11785.7466	5308.9458	0.0000	0.0154	739.5062	24466.5000	8000.0000	0.0000	26676.0000	7000.0000	0.0000	0.5772	10.2425	-0.0000	14024.1863	1.1749	0.0000	1.0768	0.0000
15.9000	1177.8530	14.3066	11900.3488	5335.4433	0.0000	0.0154	738.2833	24431.5000	8000.0000	0.0000	26636.0000	7000.0000	0.0000	0.6339	10.2465	-0.0000	13869.8258	1.2917	0.0000	1.1691	0.0000
16.0000	1180.7168	14.3951	12015.2453	5361.9506	0.0000	0.0154	737.0643	24396.5000	8000.0000	0.0000	26596.0000	7000.0000	0.0000	0.6897	10.2507	-0.0000	13715.1735	1.4069	0.0000	1.2599	0.0000
16.1000	1183.5336	14.4835	12130.4307	5388.4699	0.0000	0.0154	735.8489	24361.5000	8000.0000	0.0000	26556.0000	7000.0000	0.0000	0.7446	10.2553	-0.0000	13560.2344	1.5204	0.0000	1.3493	0.0000
16.2000	1186.3038	14.5720	12245.8998	5415.0034	0.0000	0.0154	734.6373	24326.5000	8000.0000	0.0000	26516.0000	7000.0000	0.0000	0.7986	10.2601	-0.0000	13405.0132	1.6323	0.0000	1.4374	0.0000
16.3000	1189.0279	14.6605	12361.6472	5441.5531	0.0000	0.0154	733.4295	24291.5000	8000.0000	0.0000	26476.0000	7000.0000	0.0000	0.8517	10.2651	-0.0000	13249.5149	1.7425	0.0000	1.5242	0.0000
16.4000	1191.7063	14.7489	12477.6679	5468.1210	0.0000	0.0154	732.2254	24256.5000	8000.0000	0.0000	26436.0000	7000.0000	0.0000	0.9039	10.2704	-0.0000	13093.7441	1.8510	0.0000	1.6095	0.0000
16.5000	1194.3395	14.8373	12593.9565	5494.7093	0.0000	0.0154	731.0251	24221.5000	8000.0000	0.0000	26396.0000	7000.0000	0.0000	0.9553	10.2760	-0.0000	12937.7056	1.9579	0.0000	1.6935	0.0000
16.6000	1196.9240	14.9255	12710.5080	5521.3198	0.0000	0.0154	729.8285	24186.5000	8000.0000	0.0000	26356.0000	7000.0000	0.0000	1.0053	10.2818	-0.0000	12781.4042	2.0631	0.0000	1.7763	0.0000
16.7000	1199.4465	15.0136	12827.3163	5547.9544	0.0000	0.0154	728.6356	24151.5000	8000.0000	0.0000	26316.0000	7000.0000	0.0000	1.0541	10.2878	-0.0000	12624.8453	2.1667	0.0000	1.8578	0.0000
16.8000	1201.9070	15.1016	12944.3747	5574.6143	0.0000	0.0153	727.4466	24116.5000	8000.0000	0.0000	26276.0000	7000.0000	0.0000	1.1019	10.2941	-0.0000	12468.0353	2.2688	0.0000	1.9382	0.0000
16.9000	1204.3062	15.1895	13061.6764	5601.3012	0.0000	0.0153	726.2612	24081.5000	8000.0000	0.0000	26236.0000	7000.0000	0.0000	1.1489	10.3007	-0.0000	12310.9806	2.3693	0.0000	2.0174	0.0000
17.0000	1206.6450	15.2773	13179.2150	5628.0163	0.0000	0.0153	725.0796	24046.5000	8000.0000	0.0000	26196.0000	7000.0000	0.0000	1.1950	10.3074	-0.0000	12153.6874	2.4684	0.0000	2.0955	0.0000
17.1000	1208.9243	15.3651	13296.9839	5654.7612	0.0000	0.0153	723.9018	24011.5000	8000.0000	0.0000	26156.0000	7000.0000	0.0000	1.2402	10.3144	-0.0000	11996.1618	2.5660	0.0000	2.1725	0.0000
17.2000	1211.1450	15.4528	13414.9768	5681.5370	0.0000	0.0153	722.7277	23976.5000	8000.0000	0.0000	26116.0000	7000.0000	0.0000	1.2846	10.3217	-0.0000	11838.4099	2.6623	0.0000	2.2484	0.0000
17.3000	1213.3080	15.5406	13533.1874	5708.3452	0.0000	0.0153	721.5574	23941.5000	8000.0000	0.0000	26076.0000	7000.0000	0.0000	1.3282	10.3292	-0.0000	11680.4376	2.7573	0.0000	2.3234	0.0000
17.4000	1215.4140	15.6283	13651.6095	5735.1871	0.0000	0.0153	720.3908	23906.5000	8000.0000	0.0000	26036.0000	7000.0000	0.0000	1.3710	10.3369	-0.0000	11522.2508	2.8511	0.0000	2.3973	0.0000
17.5000	1217.4641	15.7160	13770.2370	5762.0640	0.0000	0.0153	719.2279	23871.5000	8000.0000	0.0000	25996.0000	7000.0000	0.0000	1.4130	10.3448	-0.0000	11363.8553	2.9435	0.0000	2.4703	0.0000
17.6000	1219.4589	15.8037	13889.0640	5788.9771	0.0000	0.0153	718.0689	23836.5000	8000.0000	0.0000	25956.0000	7000.0000	0.0000	1.4543	10.3530	-0.0000	11205.2567	3.0348	0.0000	2.5424	0.0000
17.7000	1221.3999	15.8915	14008.0845	5815.9276	0.0000	0.0153	716.9135	23801.5000	8000.0000	0.0000	25916.0000	7000.0000	0.0000	1.4950	10.3614	-0.0000	11046.4607	3.1250	0.0000	2.6136	0.0000
17.8000	1223.2950	15.9793	14127.2931	5842.9170	0.0000	0.0153	715.7619	23766.5000	8000.0000	0.0000	25876.0000	7000.0000	0.0000	1.5353	10.3700	-0.0000	10887.4725	3.2140	0.0000	2.6839	0.0000
17.9000	1225.1471	16.0672	14246.6848	5869.9466	0.0000	0.0153	714.6141	23731.5000	8000.0000	0.0000	25836.0000	7000.0000	0.0000	1.5750	10.3788	-0.0000	10728.2967	3.3019	0.0000	2.7533	0.0000
18.0000	1226.9567	16.1551	14366.2550	5897.0180	0.0000	0.0153	713.4700	23696.5000	8000.0000	0.0000	25796.0000	7000.0000	0.0000	1.6141	10.3879	-0.0000	10568.9376	3.3887	0.0000	2.8218	0.0000
18.1000	1228.7245	16.2431	14485.9991	5924.1325	0.0000	0.0154	712.3297	23661.5000	8000.0000	0.0000	25756.0000	7000.0000	0.0000	1.6524	10.3971	-0.0000	10409.3996	3.4745	0.0000	2.8894	0.0000
18.2000	1230.4511	16.3311	14605.9125	5951.2915	0.0000	0.0154	711.1931	23626.5000	8000.0000	0.0000	25716.0000	7000.0000	0.0000	1.6901	10.4066	-0.0000	10249.6869	3.5591	0.0000	2.9562	0.0000
18.3000	1232.1370	16.4191	14725.9906	5978.4964	0.0000	0.0154	710.0602	23591.5000	8000.0000	0.0000	25676.0000	7000.0000	0.0000	1.7271	10.4163	-0.0000	10089.8038	3.6427	0.0000	3.0222	0.0000
18.4000	1233.8142	15.9182	14846.2311	6005.7416	0.0000	-0.4409	708.9312	23556.5000	8000.0000	0.0000	25636.0000	7000.0000	0.0000	1.0109	5.2714	-0.0000	10851.6959	3.3713	0.0000	-15.6640	0.0000
18.5000	1235.8095	12.2829	14966.6579	6032.9742	0.0000	-0.7775	707.8058	23521.5000	8000.0000	0.0000	25596.0000	7000.0000	0.0000	-0.3205	5.2050	-0.0000	10689.4732	-0.0032	0.0000	-9.9763	0.0000
18.6000	1237.6259	7.7160	15087.3103	6060.1246	0.0000	-0.7895	706.6842	23486.5000	8000.0000	0.0000	25556.0000	7000.0000	0.0000	-2.2882	5.1371	-0.0000	10527.0486	-4.4690	0.0000	-9.5308	0.0000
18.7000	1238.5668	3.3933	15208.1546	6087.0700	0.0000	-0.7032	705.5664	23451.5000	8000.0000	0.0000	25516.0000	7000.0000	0.0000	-4.1029	5.0682	-0.0000	10364.4591	-8.7031	0.0000	-11.0582	0.0000
18.8000	1238.9837	-0.3588	15329.1390	6113.6900	0.0000	-0.5949	704.4523	23416.5000	8000.0000	0.0000	25476.0000	7000.0000	0.0000	-5.6684	4.9989	-0.0000	10201.7694	-12.3355	0.0000	-12.8296	0.0000
18.9000	1239.0264	-3.4924	15450.2416	6139.8855	0.0000	-0.4898	703.3420	23381.5000	8000.0000	0.0000	25436.0000	7000.0000	0.0000	-6.9125	4.9299	-0.0000	10039.0111	-15.3096	0.0000	-14.4039	0.0000
19.0000	1238.7071	-6.0495	15571.4395	6165.5767	0.0000	-0.3953	702.2354	23346.5000	8000.0000	0.0000	25396.0000	7000.0000	0.0000	-7.8662	4.8614	-0.0000	9876.2126	-17.6715	0.0000	-15.6667	0.0000
19.1000	1238.0713	-8.0962	15692.7084	6190.7018	0.0000	-0.3129	701.1325	23311.5000	8000.0000	0.0000	25356.0000	7000.0000	0.0000	-8.5751	4.7940	-0.0000	9713.4023	-19.4935	0.0000	-16.6142	0.0000
19.2000	1237.1805	-9.7005	15814.0255	6215.2146	0.0000	-0.2418	700.0335	23276.5000	8000.0000	0.0000	25316.0000	7000.0000	0.0000	-9.0825	4.7280	-0.0000	9550.6059	-20.8500	0.0000	-17.2762	0.0000
19.3000	1236.1005	-10.9249	15935.3711	6239.0819	0.0000	-0.1811	698.9381	23241.5000	8000.0000	0.0000	25276.0000	7000.0000	0.0000	-9.4258	4.6636	-0.0000	9387.8446	-21.8093	0.0000	-17.6898	0.0000
19.4000	1234.8953	-11.8247	16056.7300	6262.2817	0.0000	-0.1292	697.8465	23206.5000	8000.0000	0.0000	25236.0000	7000.0000	0.0000	-9.6351	4.6010	-0.0000	9225.1345	-22.4312	0.0000	-17.8907	0.0000
19.5000	1233.6227	-12.4481	16178.0909	6284.8005	0.0000	-0.0851	696.7587	23171.5000	8000.0000	0.0000	25196.0000	7000.0000	0.0000	-9.7348	4.5405	-0.0000	9062.4865	-22.7680	0.0000	-17.9110	0.0000
19.6000	1232.3330	-12.8364	16299.4468	6306.6323	0.0000	-0.0477	695.6746	23136.5000	8000.0000	0.0000	25156.0000	7000.0000	0.0000	-9.7439	4.4822	-0.0000	8899.9072	-22.8641	0.0000	-17.7785	0.0000
19.7000	1231.0683	-13.0250	16420.7943	6327.7768	0.0000	-0.0158	694.5943	23101.5000	8000.0000	0.0000	25116.0000	7000.0000	0.0000	-9.6779	4.4262	-0.0000	8737.3987	-22.7576	0.0000	-17.5175	0.0000
19.8000	1229.8630	-13.0439	16542.1329	6348.2388	0.0000	0.0112	693.5177	23066.5000	8000.0000	0.0000	25076.0000	7000.0000	0.0000	-9.5488	4.3726	-0.0000	8574.9598	-22.4811	0.0000	-17.1483	0.0000
19.9000	1228.7440	-12.9186	16663.4649	6368.0268	0.0000	0.0342	692.4448	23031.5000	8000.0000	0.0000	25036.0000	7000.0000	0.0000	-9.3667	4.3216	-0.0000	8412.5864	-22.0618	0.0000	-16.6886	0.0000
20.0000	1227.7317	-12.6708	16784.7944	6387.1528	0.0000	0.0537	691.3758	22996.5000	8000.0000	0.0000	24996.0000	7000.0000	0.0000	-9.1395	4.2731	-0.0000	8250.2724	-21.5233	0.0000	-16.1534	0.0000
20.1000	1226.8406	-12.3188	16906.1272	6405.6314	0.0000	0.0704	690.3104	22961.5000	8000.0000	0.0000	24956.0000	7000.0000	0.0000	-8.8740	4.2273	-0.0000	8088.0096	-20.8852	0.0000	-15.5553	0.0000
20.2000	1226.0804	-11.8781	17027.4702	6423.4797	0.0000	0.0845	689.2488	22926.5000	8000.0000	0.0000	24916.0000	7000.0000	0.0000	-8.5758	4.1841	-0.0000	7925.7889	-20.1642	0.0000	-14.9053	0.0000
20.3000	1225.4566	-11.3619	17148.8310	6440.7165	0.0000	0.0966	688.1910	22891.5000	8000.0000	0.0000	24876.0000	7000.0000	0.0000	-8.2497	4.1437	-0.0000	7763.6002	-19.3748	0.0000	-14.2127	0.0000
20.4000	1224.9710	-10.7811	17270.2175	6457.3622	0.0000	0.1069	687.1369	22856.5000	8000.0000	0.0000	24836.0000	7000.0000	0.0000	-7.8997	4.1060	-0.0000	7601.4331	-18.5288	0.0000	-13.4854	0.0000
20.5000	1224.6226	-10.1455	17391.6380	6473.4388	0.0000	0.1157	686.0866	22821.5000	8000.0000	0.0000	24796.0000	7000.0000	0.0000	-7.5295	4.0711	-0.0000	7439.2770	-17.6367	0.0000	-12.7303	0.0000
20.6000	1224.4080	-9.4630	17513.1006	6488.9691	0.0000	0.1231	685.0400	22786.5000	8000.0000	0.0000	24756.0000	7000.0000	0.0000	-7.1422	4.0389	-0.0000	7277.1211	-16.7072	0.0000	-11.9532	0.0000
20.7000	1224.3217	-8.7406	17634.6131	6503.9770	0.0000	0.1295	683.9971	22751.5000	8000.0000	0.0000	24716.0000	7000.0000	0.0000	-6.7405	4.0096	-0.0000	7114.9553	-15.7480	0.0000	-11.1593	0.0000
20.8000	1224.3568	-7.9844	17756.1829	6518.4873	0.0000	0.1349	682.9581	22716.5000	8000.0000	0.0000	24676.0000	7000.0000	0.0000	-6.3271	3.9830	-0.0000	6952.7698	-14.7656	0.0000	-10.3530	0.0000
20.9000	1224.5050	-7.1997	17877.8169	6532.5252	0.0000	0.1394	681.9227	22681.5000	8000.0000	0.0000	24636.0000	7000.0000	0.0000	-5.9042	3.9592	-0.0000	6790.5552	-13.7656	0.0000	-9.5382	0.0000
21.0000	1224.7572	-6.3909	17999.5214	6546.1164	0.0000	0.1432	680.8911	22646.5000	8000.0000	0.0000	24596.0000	7000.0000	0.0000	-5.4738	3.9381	-0.0000	6628.3030	-12.7531	0.0000	-8.7183	0.0000
21.1000	1225.1034	-5.5622	18121.3017	6559.2871	0.0000	0.1463	679.8633	22611.5000	8000.0000	0.0000	24556.0000	7000.0000	0.0000	-5.0379	3.9198	-0.0000	6466.0054	-11.7322	0.0000	-7.8964	0.0000
21.2000	1225.5334	-4.7172	18243.1627	6572.0638	0.0000	0.1488	678.8392	22576.5000	8000.0000	0.0000	24516.0000	7000.0000	0.0000	-4.5983	3.9041	-0.0000	6303.6554	-10.7070	0.0000	-7.0751	0.0000
21.3000	1226.0362	-3.8591	18365.1083	6584.4731	0.0000	0.1508	677.8189	22541.5000	8000.0000	0.0000	24476.0000	7000.0000	0.0000	-4.1567	3.8911	-0.0000	6141.2471	-9.6807	0.0000	-6.2569	0.0000
21.4000	1226.6012	-2.9910	18487.1416	6596.5416	0.0000	0.1523	676.8023	22506.5000	8000.0000	0.0000	24436.0000	7000.0000	0.0000	-3.7145	3.8808	-0.0000	5978.7751	-8.6565	0.0000	-5.4439	0.0000
21.5000	1227.2297	-2.1155	18609.2647	6608.2961	0.0000	0.1533	675.7894	22471.5000	8000.0000	0.0000	24396.0000	7000.0000	0.0000	-3.2805	3.8731	-0.0000	5816.2352	-7.6371	0.0000	-4.6380	0.0000
21.6000	1228.0211	-1.2350	18731.4850	6619.7630	0.0000	0.1540	674.7804	22436.5000	8000.0000	0.0000	24356.0000	7000.0000	0.0000	-2.8581	3.8679	-0.0000	5653.6194	-6.6244	0.0000	-3.8381	0.0000
21.7000	1228.9894	-0.3515	18853.8172	6630.9684	0.0000	0.1544	673.7750	22401.5000	8000.0000	0.0000	24316.0000	7000.0000	0.0000	-2.4334	3.8652	-0.0000	5490.9113	-5.6201	0.0000	-3.0468	0.0000
21.8000	1230.1204	0.5336	18976.2753	6641.9389	0.0000	0.1545	672.7734	22366.5000	8000.0000	0.0000	24276.0000	7000.0000	0.0000	-2.0070	3.8650	-0.0000	5328.0948	-4.6261	0.0000	-2.2666	0.0000
21.9000	1231.3895	1.4186	19098.8719	6652.7010	0.0000	0.1543	671.7756	22331.5000	8000.0000	0.0000	24236.0000	7000.0000	0.0000	-1.5801	3.8673	-0.0000	5165.1556	-3.6441	0.0000	-1.4998	0.0000
22.0000	1232.7944	2.3016	19221.6175	6663.2814	0.0000	0.1538	670.7815	22296.5000	8000.0000	0.0000	24196.0000	7000.0000	0.0000	-1.1571	3.8719	-0.0000	5002.0812	-2.6760	0.0000	-0.7484	0.0000
22.1000	1234.3908	3.1804	19344.5261	6673.7069	0.0000	0.1529	669.7912	22261.5000	8000.0000	0.0000	24156.0000	7000.0000	0.0000	-0.7359	3.8788	-0.0000	4838.8565	-1.7239	0.0000	-0.0137	0.0000
22.2000	1236.0539	4.0530	19467.6098	6684.0045	0.0000	0.1516	668.8046	22226.5000	8000.0000	0.0000	24116.0000	7000.0000	0.0000	-0.3155	3.8879	-0.0000	4675.4667	-0.7901	0.0000	0.7093	0.0000
22.3000	1237.7344	4.9191	19590.8698	6694.2004	0.0000	0.1507	667.8217	22191.5000	8000.0000	0.0000	24076.0000	7000.0000	0.0000	0.0982	3.8992	-0.0000	4511.9081	0.1248	0.0000	1.4234	0.0000
22.4000	1239.3520	5.7762	19714.3027	6704.3200	0.0000	0.1478	666.8427	22156.5000	8000.0000	0.0000	24036.0000	7000.0000	0.0000	0.4990	3.9125	-0.0000	4348.1818	1.0198	0.0000	2.0490	0.0000
22.5000	1240.8652	6.6140	19837.8976	6714.3875	0.0000	0.1443	665.8673	22121.5000	8000.0000	0.0000	23996.0000	7000.0000	0.0000	0.8854	3.9277	-0.0000	4184.2968	1.8847	0.0000	2.7043	0.0000
22.6000	1242.2055	7.4314	19961.6400	6724.4258	0.0000	0.1407	664.8957	22086.5000	8000.0000	0.0000	23956.0000	7000.0000	0.0000	1.2483	3.9448	-0.0000	4020.2652	2.7183	0.0000	3.3264	0.0000
22.7000	1243.2999	8.2276	20085.5061	6734.4556	0.0000	0.1368	663.9279	22051.5000	8000.0000	0.0000	23916.0000	7000.0000	0.0000	1.5924	3.9636	-0.0000	3856.1087	3.5207	0.0000	3.9212	0.0000
22.8000	1244.2168	9.0013	20209.4728	6744.4961	0.0000	0.1328	662.9638	22016.5000	8000.0000	0.0000	23876.0000	7000.0000	0.0000	1.9199	3.9841	-0.0000	3691.8497	4.2912	0.0000	4.4885	0.0000
22.9000	1244.9661	9.7511	20333.5215	6754.5662	0.0000	0.1285	662.0035	21981.5000	8000.0000	0.0000	23836.0000	7000.0000	0.0000	2.2288	4.0061	-0.0000	3527.5057	5.0290	0.0000	5.0286	0.0000
23.0000	1245.5435	10.4759	20457.6339	6764.6832	0.0000	0.1240	661.0469	21946.5000	8000.0000	0.0000	23796.0000	7000.0000	0.0000	2.5181	4.0296	-0.0000	3363.0937	5.7334	0.0000	5.5421	0.0000
23.1000	1245.9486	11.1747	20581.7912	6774.8633	0.0000	0.1194	660.0940	21911.5000	8000.0000	0.0000	23756.0000	7000.0000	0.0000	2.7888	4.0545	-0.0000	3198.6312	6.4041	0.0000	6.0294	0.0000
23.2000	1246.1865	11.8470	20705.9752	6785.1213	0.0000	0.1148	659.1450	21876.5000	8000.0000	0.0000	23716.0000	7000.0000	0.0000	3.0415	4.0806	-0.0000	3034.1356	7.0412	0.0000	6.4907	0.0000
23.3000	1246.2632	12.4925	20830.1681	6795.4711	0.0000	0.1101	658.1996	21841.5000	8000.0000	0.0000	23676.0000	7000.0000	0.0000	3.2766	4.1080	-0.0000	2869.6236	7.6447	0.0000	6.9267	0.0000
23.4000	1246.1931	13.1114	20954.3530	6805.9254	0.0000	0.1055	657.2580	21806.5000	8000.0000	0.0000	23636.0000	7000.0000	0.0000	3.4997	4.1365	-0.0000	2705.1113	8.2153	0.0000	7.3376	0.0000
23.5000	1246.0449	13.7036	21078.5170	6816.4964	0.0000	0.1008	656.3202	21771.5000	8000.0000	0.0000	23596.0000	7000.0000	0.0000	3.7146	4.1660	-0.0000	2540.6112	8.7531	0.0000	7.7188	0.0000
23.6000	1245.8333	14.2687	21202.6521	6827.1967	0.0000	0.0959	655.3861	21736.5000	8000.0000	0.0000	23556.0000	7000.0000	0.0000	3.9140	4.1965	-0.0000	2376.1305	9.2579	0.0000	8.0699	0.0000
23.7000	1245.5598	14.8052	21326.7510	6838.0379	0.0000	0.0908	654.4558	21701.5000	8000.0000	0.0000	23516.0000	7000.0000	0.0000	4.0979	4.2279	-0.0000	2211.6757	9.7290	0.0000	8.3907	0.0000
23.8000	1245.2264	15.3116	21450.8063	6849.0306	0.0000	0.0854	653.5292	21666.5000	8000.0000	0.0000	23476.0000	7000.0000	0.0000	4.2657	4.2600	-0.0000	2047.2532	10.1651	0.0000	8.6798	0.0000
23.9000	1244.8357	15.7860	21574.8112	6860.1845	0.0000	0.0796	652.6063	21631.5000	8000.0000	0.0000	23436.0000	7000.0000	0.0000	4.4172	4.2928	-0.0000	1882.8690	10.5649	0.0000	8.9353	0.0000
24.0000	1244.3906	16.2260	21698.7590	6871.5081	0.0000	0.0733	651.6873	21596.5000	8000.0000	0.0000	23396.0000	7000.0000	0.0000	4.5518	4.3260	-0.0000	1718.5292	10.9265	0.0000	9.1543	0.0000
24.1000	1243.8950	16.6288	21822.6435	6883.0090	0.0000	0.0665	650.7719	21561.5000	8000.0000	0.0000	23356.0000	7000.0000	0.0000	4.6686	4.3597	-0.0000	1554.2392	11.2476	0.0000	9.3327	0.0000
24.2000	1243.3529	16.9906	21946.4588	6894.6939	0.0000	0.0589	649.8603	21526.5000	8000.0000	0.0000	23316.0000	7000.0000	0.0000	4.7665	4.3935	-0.0000	1390.0041	11.5250	0.0000	9.4647	0.0000
24.3000	1242.7692	17.3064	22070.1997	6906.5679	0.0000	0.0503	648.9525	21491.5000	8000.0000	0.0000	23276.0000	7000.0000	0.0000	4.8438	4.4274	-0.0000	1225.8288	11.7545	0.0000	9.5410	0.0000
24.4000	1242.1498	17.5690	22193.8616	6918.6354	0.0000	0.0401	648.0484	21456.5000	8000.0000	0.0000	23236.0000	7000.0000	0.0000	4.8981	4.4610	-0.0000	1061.7173	11.9299	0.0000	9.5465	0.0000
24.5000	1241.5015	17.7677	22317.4406	6930.8990	0.0000	0.0275	647.1481	21421.5000	8000.0000	0.0000	23196.0000	7000.0000	0.0000	4.9251	4.4940	-0.0000	897.6733	12.0414	0.0000	9.4539	0.0000
24.6000	1240.8326	17.8851	22440.9337	6943.3598	0.0000	0.0109	646.2515	21386.5000	8000.0000	0.0000	23156.0000	7000.0000	0.0000	4.9175	4.5258	-0.0000	733.6995	12.0734	0.0000	9.2081	0.0000
24.7000	1240.1546	17.8893	22564.3391	6956.0167	0.0000	-0.0137	645.3586	21351.5000	8000.0000	0.0000	23116.0000	7000.0000	0.0000	4.8612	4.5557	-0.0000	569.7977	11.9974	0.0000	8.6787	0.0000
24.8000	1239.4839	17.7141	22687.6566	6968.8656	0.0000	-0.0565	644.4696	21316.5000	8000.0000	0.0000	23076.0000	7000.0000	0.0000	4.7221	4.5815	-0.0000	405.9684	11.7542	0.0000	7.4647	0.0000
24.9000	1238.8519	17.1779	22810.8890	6981.8963	0.0000	-0.1591	643.5842	21281.5000	8000.0000	0.0000	23036.0000	7000.0000	0.0000	4.3815	4.5975	-0.0000	242.2099	11.1866	0.0000	3.6071	0.0000
25.0000	1238.3729	15.3643	22934.0465	6995.0795	0.0000	-0.7367	642.7026	21246.5000	8000.0000	0.0000	22996.0000	7000.0000	0.0000	2.7283	4.5608	-0.0000	78.5153	9.5779	0.0000	-30.0000	0.0000
25.0300	1238.2936	13.8833	22970.9841	6999.0492	0.0000	-1.0996	642.4389	21236.0000	8000.0000	0.0000	22984.0000	7000.0000	0.0000	2.2474	4.4340	-0.0000	29.4162	8.3125	0.0000	-30.0000	0.0000
