0	350.966	45.0000	2.4749	2.4749	0.0000	0.0000	979.8183	29996.5000	8000.0000	0.0000	32996.0000	7000.0000	0.0000	-0.0000	45.0000	-0.0000	30000.0000	-0.0000	0.0000	0.0000	0.0000
0.1000	360.5789	45.0003	27.6252	27.5713	0.0000	0.0002	978.0029	29961.5000	8000.0000	0.0000	32956.0000	7000.0000	0.0000	0.0477	45.0001	-0.0000	29964.5664	0.1104	0.0000	0.1608	0.0000
0.2000	370.1084	45.0022	53.5012	53.2961	0.0000	0.0005	976.1913	29926.5000	8000.0000	0.0000	32916.0000	7000.0000	0.0000	0.0934	45.0003	-0.0000	29928.1745	0.2157	0.0000	0.2961	0.0000
0.3000	379.5542	45.0062	80.0964	79.6435	0.0000	0.0010	974.3835	29891.5000	8000.0000	0.0000	32876.0000	7000.0000	0.0000	0.1376	45.0006	-0.0000	29890.8329	0.3172	0.0000	0.4178	0.0000
0.4000	388.9280	45.0128	107.4049	106.6084	0.0000	0.0014	972.5794	29856.5000	8000.0000	0.0000	32836.0000	7000.0000	0.0000	0.1808	45.0010	-0.0000	29852.5496	0.4156	0.0000	0.5322	0.0000
0.5000	398.2305	45.0219	135.4210	134.1861	0.0000	0.0018	970.7791	29821.5000	8000.0000	0.0000	32796.0000	7000.0000	0.0000	0.2231	45.0016	-0.0000	29813.3319	0.5111	0.0000	0.6428	0.0000
0.6000	407.4609	45.0333	164.1392	162.3720	0.0000	0.0022	968.9825	29786.5000	8000.0000	0.0000	32756.0000	7000.0000	0.0000	0.2645	45.0023	-0.0000	29773.1869	0.6041	0.0000	0.7516	0.0000
0.7000	416.6180	45.0469	193.5535	191.1617	0.0000	0.0026	967.1896	29751.5000	8000.0000	0.0000	32716.0000	7000.0000	0.0000	0.3047	45.0032	-0.0000	29732.1221	0.6945	0.0000	0.8536	0.0000
0.8000	425.7006	45.0624	223.6581	220.5503	0.0000	0.0029	965.4006	29716.5000	8000.0000	0.0000	32676.0000	7000.0000	0.0000	0.3438	45.0041	-0.0000	29690.1449	0.7825	0.0000	0.9528	0.0000
0.9000	434.7076	45.0796	254.4471	250.5332	0.0000	0.0031	963.6152	29681.5000	8000.0000	0.0000	32636.0000	7000.0000	0.0000	0.3821	45.0052	-0.0000	29647.2628	0.8680	0.0000	1.0498	0.0000
1.0000	443.6381	45.0982	285.9142	281.1058	0.0000	0.0034	961.8336	29646.5000	8000.0000	0.0000	32596.0000	7000.0000	0.0000	0.4194	45.0065	-0.0000	29603.4835	0.9510	0.0000	1.1444	0.0000
1.1000	452.4912	45.1181	318.0534	312.2632	0.0000	0.0036	960.0558	29611.5000	8000.0000	0.0000	32556.0000	7000.0000	0.0000	0.4557	45.0078	-0.0000	29558.8146	1.0316	0.0000	1.2372	0.0000
1.2000	461.2661	45.1390	350.8584	344.0007	0.0000	0.0038	958.2817	29576.5000	8000.0000	0.0000	32516.0000	7000.0000	0.0000	0.4911	45.0093	-0.0000	29513.2641	1.1098	0.0000	1.3283	0.0000
1.3000	469.9618	45.1610	384.3227	376.3135	0.0000	0.0039	956.5114	29541.5000	8000.0000	0.0000	32476.0000	7000.0000	0.0000	0.5255	45.0108	-0.0000	29466.8397	1.1857	0.0000	1.4173	0.0000
1.4000	478.5778	45.1837	418.4401	409.1966	0.0000	0.0040	954.7448	29506.5000	8000.0000	0.0000	32436.0000	7000.0000	0.0000	0.5591	45.0126	-0.0000	29419.5495	1.2592	0.0000	1.5043	0.0000
1.5000	487.1134	45.2072	453.2039	442.6454	0.0000	0.0042	952.9819	29471.5000	8000.0000	0.0000	32396.0000	7000.0000	0.0000	0.5917	45.0144	-0.0000	29371.4015	1.3306	0.0000	1.5892	0.0000
1.6000	495.5678	45.2313	488.6077	476.6548	0.0000	0.0043	951.2229	29436.5000	8000.0000	0.0000	32356.0000	7000.0000	0.0000	0.6234	45.0163	-0.0000	29322.4037	1.3997	0.0000	1.6721	0.0000
1.7000	503.9406	45.2560	524.6449	511.2199	0.0000	0.0043	949.4675	29401.5000	8000.0000	0.0000	32316.0000	7000.0000	0.0000	0.6543	45.0184	-0.0000	29272.5644	1.4667	0.0000	1.7531	0.0000
1.8000	512.2336	45.2811	561.3089	546.3358	0.0000	0.0044	947.7159	29366.5000	8000.0000	0.0000	32276.0000	7000.0000	0.0000	0.6845	45.0205	-0.0000	29221.8916	1.5317	0.0000	1.8248	0.0000
1.9000	520.4589	45.3066	598.5936	581.9981	0.0000	0.0045	945.9681	29331.5000	8000.0000	0.0000	32236.0000	7000.0000	0.0000	0.7141	45.0228	-0.0000	29170.3930	1.5946	0.0000	1.8858	0.0000
2.0000	528.6190	45.3324	636.4934	618.2030	0.0000	0.0045	944.2240	29296.5000	8000.0000	0.0000	32196.0000	7000.0000	0.0000	0.7429	45.0252	-0.0000	29118.0752	1.6556	0.0000	1.9438	0.0000
2.1000	536.7144	45.3586	675.0028	654.9468	0.0000	0.0046	942.4837	29261.5000	8000.0000	0.0000	32156.0000	7000.0000	0.0000	0.7710	45.0277	-0.0000	29064.9446	1.7147	0.0000	1.9992	0.0000
2.2000	544.7459	45.3850	714.1166	692.2257	0.0000	0.0046	940.7471	29226.5000	8000.0000	0.0000	32116.0000	7000.0000	0.0000	0.7984	45.0303	-0.0000	29011.0077	1.7719	0.0000	2.0520	0.0000
2.3000	552.7141	45.4117	753.8293	730.0362	0.0000	0.0047	939.0142	29191.5000	8000.0000	0.0000	32076.0000	7000.0000	0.0000	0.8251	45.0330	-0.0000	28956.2709	1.8273	0.0000	2.1024	0.0000
2.4000	560.6199	45.4385	794.1356	768.3748	0.0000	0.0047	937.2852	29156.5000	8000.0000	0.0000	32036.0000	7000.0000	0.0000	0.8511	45.0358	-0.0000	28900.7405	1.8810	0.0000	2.1504	0.0000
2.5000	568.4639	45.4655	835.0302	807.2378	0.0000	0.0047	935.5598	29121.5000	8000.0000	0.0000	31996.0000	7000.0000	0.0000	0.8764	45.0387	-0.0000	28844.4227	1.9331	0.0000	2.1962	0.0000
2.6000	576.2471	45.4927	876.5080	846.6219	0.0000	0.0047	933.8382	29086.5000	8000.0000	0.0000	31956.0000	7000.0000	0.0000	0.9011	45.0418	-0.0000	28787.3236	1.9834	0.0000	2.2398	0.0000
2.7000	583.9691	45.5198	918.5638	886.5236	0.0000	0.0048	932.1204	29051.5000	8000.0000	0.0000	31916.0000	7000.0000	0.0000	0.9250	45.0449	-0.0000	28729.4493	2.0322	0.0000	2.2813	0.0000
2.8000	591.6282	45.5471	961.1923	926.9394	0.0000	0.0048	930.4063	29016.5000	8000.0000	0.0000	31876.0000	7000.0000	0.0000	0.9483	45.0481	-0.0000	28670.8059	2.0795	0.0000	2.3208	0.0000
2.9000	599.2250	45.5744	1004.3883	967.8659	0.0000	0.0048	928.6960	28981.5000	8000.0000	0.0000	31836.0000	7000.0000	0.0000	0.9709	45.0514	-0.0000	28611.3997	2.1252	0.0000	2.3585	0.0000
3.0000	606.7604	45.6017	1048.1465	1009.2994	0.0000	0.0048	926.9894	28946.5000	8000.0000	0.0000	31796.0000	7000.0000	0.0000	0.9930	45.0548	-0.0000	28551.2369	2.1695	0.0000	2.3940	0.0000
3.1000	614.2711	44.3352	1092.4730	1051.2264	0.0000	-0.4138	925.2865	28911.5000	8000.0000	0.0000	31756.0000	7000.0000	0.0000	0.3246	12.4684	-0.0000	28499.1298	1.1749	0.0000	-19.6268	0.0000
3.2000	621.7685	41.5997	1137.3914	1093.6206	0.0000	-0.5229	923.5875	28876.5000	8000.0000	0.0000	31716.0000	7000.0000	0.0000	-0.7913	12.4198	-0.0000	28412.0224	-1.4068	0.0000	-15.1845	0.0000
3.3000	629.0334	38.5716	1182.9330	1136.4349	0.0000	-0.5257	921.8921	28841.5000	8000.0000	0.0000	31676.0000	7000.0000	0.0000	-2.0728	12.3703	-0.0000	28324.2384	-4.2911	0.0000	-15.2445	0.0000
3.4000	635.9535	35.6256	1229.1223	1179.5976	0.0000	-0.4973	920.2005	28806.5000	8000.0000	0.0000	31636.0000	7000.0000	0.0000	-3.2910	12.3201	-0.0000	28235.7693	-7.0540	0.0000	-16.4938	0.0000
3.5000	642.5563	32.8691	1275.9795	1223.0360	0.0000	-0.4607	918.5127	28771.5000	8000.0000	0.0000	31596.0000	7000.0000	0.0000	-4.4027	12.2692	-0.0000	28146.6110	-9.5792	0.0000	-17.9588	0.0000
3.6000	648.9497	30.3262	1323.5270	1266.6856	0.0000	-0.4233	916.8286	28736.5000	8000.0000	0.0000	31556.0000	7000.0000	0.0000	-5.3994	12.2180	-0.0000	28056.7568	-11.8433	0.0000	-19.3457	0.0000
3.7000	655.1305	27.9941	1371.7868	1310.4891	0.0000	-0.3875	915.1483	28701.5000	8000.0000	0.0000	31516.0000	7000.0000	0.0000	-6.2761	12.1664	-0.0000	27966.1972	-13.8539	0.0000	-20.5721	0.0000
3.8000	661.0960	25.8617	1420.7756	1354.3926	0.0000	-0.3539	913.4717	28666.5000	8000.0000	0.0000	31476.0000	7000.0000	0.0000	-7.0415	12.1145	-0.0000	27874.9270	-15.6279	0.0000	-21.6251	0.0000
3.9000	666.8498	23.9158	1470.5056	1398.3462	0.0000	-0.3226	911.7988	28631.5000	8000.0000	0.0000	31436.0000	7000.0000	0.0000	-7.7057	12.0625	-0.0000	27782.9445	-17.1837	0.0000	-22.5128	0.0000
4.0000	672.4007	22.1431	1520.9852	1442.3037	0.0000	-0.2936	910.1298	28596.5000	8000.0000	0.0000	31396.0000	7000.0000	0.0000	-8.2783	12.0105	-0.0000	27690.2507	-18.5397	0.0000	-23.2488	0.0000
4.1000	677.7607	20.5307	1572.2199	1486.2231	0.0000	-0.2669	908.4644	28561.5000	8000.0000	0.0000	31356.0000	7000.0000	0.0000	-8.7688	11.9585	-0.0000	27596.8487	-19.7129	0.0000	-23.8472	0.0000
4.2000	682.9440	19.0662	1624.2126	1530.0659	0.0000	-0.2422	906.8028	28526.5000	8000.0000	0.0000	31316.0000	7000.0000	0.0000	-9.1858	11.9067	-0.0000	27502.7432	-20.7195	0.0000	-24.3216	0.0000
4.3000	687.9663	17.7381	1676.9642	1573.7976	0.0000	-0.2195	905.1450	28491.5000	8000.0000	0.0000	31276.0000	7000.0000	0.0000	-9.5371	11.8550	-0.0000	27407.9397	-21.5745	0.0000	-24.6844	0.0000
4.4000	692.8437	16.5354	1730.4742	1617.3869	0.0000	-0.1986	903.4909	28456.5000	8000.0000	0.0000	31236.0000	7000.0000	0.0000	-9.8296	11.8036	-0.0000	27312.4447	-22.2916	0.0000	-24.9470	0.0000
4.5000	697.5925	15.4480	1784.7407	1660.8061	0.0000	-0.1794	901.8406	28421.5000	8000.0000	0.0000	31196.0000	7000.0000	0.0000	-10.0698	11.7525	-0.0000	27216.2651	-22.8836	0.0000	-25.1198	0.0000
4.6000	702.2285	14.4662	1839.7612	1704.0305	0.0000	-0.1618	900.1940	28386.5000	8000.0000	0.0000	31156.0000	7000.0000	0.0000	-10.2631	11.7018	-0.0000	27119.4078	-23.3624	0.0000	-25.2181	0.0000
4.7000	706.7672	13.5813	1895.5321	1747.0380	0.0000	-0.1457	898.5511	28351.5000	8000.0000	0.0000	31116.0000	7000.0000	0.0000	-10.4145	11.6514	-0.0000	27021.8799	-23.7387	0.0000	-25.2692	0.0000
4.8000	711.2229	12.7850	1952.0497	1789.8095	0.0000	-0.1310	896.9121	28316.5000	8000.0000	0.0000	31076.0000	7000.0000	0.0000	-10.5286	11.6015	-0.0000	26923.6883	-24.0226	0.0000	-25.2559	0.0000
4.9000	715.6093	12.0698	2009.3097	1832.3280	0.0000	-0.1175	895.2767	28281.5000	8000.0000	0.0000	31036.0000	7000.0000	0.0000	-10.6094	11.5521	-0.0000	26824.8398	-24.2230	0.0000	-25.1850	0.0000
5.0000	719.9386	11.4285	2067.3076	1874.5791	0.0000	-0.1053	893.6451	28246.5000	8000.0000	0.0000	30996.0000	7000.0000	0.0000	-10.6605	11.5032	-0.0000	26725.3409	-24.3486	0.0000	-25.0627	0.0000
5.1000	724.2222	10.8546	2126.0389	1916.5501	0.0000	-0.0941	892.0173	28211.5000	8000.0000	0.0000	30956.0000	7000.0000	0.0000	-10.6851	11.4548	-0.0000	26625.1979	-24.4070	0.0000	-24.8948	0.0000
5.2000	728.4704	10.3421	2185.4987	1958.2302	0.0000	-0.0839	890.3932	28176.5000	8000.0000	0.0000	30916.0000	7000.0000	0.0000	-10.6861	11.4070	-0.0000	26524.4167	-24.4053	0.0000	-24.6864	0.0000
5.3000	732.6923	9.8854	2245.6825	1999.6103	0.0000	-0.0747	888.7729	28141.5000	8000.0000	0.0000	30876.0000	7000.0000	0.0000	-10.6660	11.3598	-0.0000	26423.0028	-24.3499	0.0000	-24.4425	0.0000
5.4000	736.8960	9.4795	2306.5854	2040.6828	0.0000	-0.0663	887.1563	28106.5000	8000.0000	0.0000	30836.0000	7000.0000	0.0000	-10.6271	11.3131	-0.0000	26320.9615	-24.2469	0.0000	-24.1673	0.0000
5.5000	741.0887	9.1197	2368.2027	2081.4416	0.0000	-0.0587	885.5434	28071.5000	8000.0000	0.0000	30796.0000	7000.0000	0.0000	-10.5714	11.2671	-0.0000	26218.2979	-24.1014	0.0000	-23.8650	0.0000
5.6000	745.2766	8.8017	2430.5299	2121.8815	0.0000	-0.0517	883.9344	28036.5000	8000.0000	0.0000	30756.0000	7000.0000	0.0000	-10.5008	11.2217	-0.0000	26115.0166	-23.9186	0.0000	-23.5389	0.0000
5.7000	749.4651	8.5217	2493.5622	2161.9986	0.0000	-0.0455	882.3290	28001.5000	8000.0000	0.0000	30716.0000	7000.0000	0.0000	-10.4170	11.1770	-0.0000	26011.1220	-23.7027	0.0000	-23.1925	0.0000
5.8000	753.6587	8.2761	2557.2953	2201.7900	0.0000	-0.0398	880.7274	27966.5000	8000.0000	0.0000	30676.0000	7000.0000	0.0000	-10.3214	11.1329	-0.0000	25906.6183	-23.4578	0.0000	-22.8287	0.0000
5.9000	757.8612	8.0616	2621.7245	2241.2537	0.0000	-0.0346	879.1296	27931.5000	8000.0000	0.0000	30636.0000	7000.0000	0.0000	-10.2154	11.0894	-0.0000	25801.5095	-23.1876	0.0000	-22.4501	0.0000
6.0000	762.0759	7.8755	2686.8455	2280.3884	0.0000	-0.0300	877.5355	27896.5000	8000.0000	0.0000	30596.0000	7000.0000	0.0000	-10.1003	11.0466	-0.0000	25695.7993	-22.8953	0.0000	-22.0592	0.0000
6.1000	766.3053	7.7149	2752.6539	2319.1936	0.0000	-0.0257	875.9452	27861.5000	8000.0000	0.0000	30556.0000	7000.0000	0.0000	-9.9773	11.0045	-0.0000	25589.4912	-22.5840	0.0000	-21.6593	0.0000
6.2000	770.5513	7.5773	2819.1454	2357.6693	0.0000	-0.0220	874.3586	27826.5000	8000.0000	0.0000	30516.0000	7000.0000	0.0000	-9.8474	10.9630	-0.0000	25482.5887	-22.2565	0.0000	-21.2509	0.0000
6.3000	774.8154	7.4606	2886.3158	2395.8161	0.0000	-0.0185	872.7757	27791.5000	8000.0000	0.0000	30476.0000	7000.0000	0.0000	-9.7114	10.9222	-0.0000	25375.0949	-21.9152	0.0000	-20.8359	0.0000
6.4000	779.0989	7.3626	2954.1609	2433.6353	0.0000	-0.0154	871.1967	27756.5000	8000.0000	0.0000	30436.0000	7000.0000	0.0000	-9.5701	10.8821	-0.0000	25267.0131	-21.5623	0.0000	-20.4161	0.0000
6.5000	783.4024	7.2817	3022.6765	2471.1282	0.0000	-0.0126	869.6213	27721.5000	8000.0000	0.0000	30396.0000	7000.0000	0.0000	-9.4243	10.8427	-0.0000	25158.3462	-21.1998	0.0000	-19.9928	0.0000
6.6000	787.7265	7.2162	3091.8584	2508.2971	0.0000	-0.0101	868.0497	27686.5000	8000.0000	0.0000	30356.0000	7000.0000	0.0000	-9.2746	10.8039	-0.0000	25049.0971	-20.8293	0.0000	-19.5674	0.0000
6.7000	792.0711	7.1647	3161.7027	2545.1440	0.0000	-0.0077	866.4819	27651.5000	8000.0000	0.0000	30316.0000	7000.0000	0.0000	-9.1217	10.7658	-0.0000	24939.2688	-20.4526	0.0000	-19.1409	0.0000
6.8000	796.4362	7.1257	3232.2051	2581.6718	0.0000	-0.0057	864.9178	27616.5000	8000.0000	0.0000	30276.0000	7000.0000	0.0000	-8.9660	10.7284	-0.0000	24828.8640	-20.0709	0.0000	-18.7145	0.0000
6.9000	800.8214	7.0982	3303.3616	2617.8832	0.0000	-0.0038	863.3575	27581.5000	8000.0000	0.0000	30236.0000	7000.0000	0.0000	-8.8082	10.6916	-0.0000	24717.8854	-19.6855	0.0000	-18.2888	0.0000
7.0000	805.2263	7.0811	3375.1683	2653.7816	0.0000	-0.0021	861.8009	27546.5000	8000.0000	0.0000	30196.0000	7000.0000	0.0000	-8.6485	10.6555	-0.0000	24606.3358	-19.2976	0.0000	-17.8648	0.0000
7.1000	809.6502	7.0734	3447.6210	2689.3701	0.0000	-0.0005	860.2480	27511.5000	8000.0000	0.0000	30156.0000	7000.0000	0.0000	-8.4875	10.6201	-0.0000	24494.2178	-18.9080	0.0000	-17.4431	0.0000
7.2000	814.0923	7.0741	3520.7158	2724.6525	0.0000	0.0009	858.6990	27476.5000	8000.0000	0.0000	30116.0000	7000.0000	0.0000	-8.3255	10.5853	-0.0000	24381.5340	-18.5178	0.0000	-17.0244	0.0000
7.3000	818.5515	7.0826	3594.4486	2759.6324	0.0000	0.0022	857.1536	27441.5000	8000.0000	0.0000	30076.0000	7000.0000	0.0000	-8.1629	10.5512	-0.0000	24268.2870	-18.1276	0.0000	-16.6091	0.0000
7.4000	823.0271	7.0981	3668.8156	2794.3137	0.0000	0.0033	855.6120	27406.5000	8000.0000	0.0000	30036.0000	7000.0000	0.0000	-7.9998	10.5177	-0.0000	24154.4795	-17.7382	0.0000	-16.1977	0.0000
7.5000	827.5179	7.1199	3743.8125	2828.7005	0.0000	0.0044	854.0742	27371.5000	8000.0000	0.0000	29996.0000	7000.0000	0.0000	-7.8358	10.4849	-0.0000	24040.1141	-17.3502	0.0000	-15.7717	0.0000
7.6000	832.0230	7.1474	3819.4356	2862.7969	0.0000	0.0053	852.5401	27336.5000	8000.0000	0.0000	29956.0000	7000.0000	0.0000	-7.6718	10.4527	-0.0000	23925.1933	-16.9642	0.0000	-15.3467	0.0000
7.7000	836.5413	7.1802	3895.6807	2896.6073	0.0000	0.0062	851.0098	27301.5000	8000.0000	0.0000	29916.0000	7000.0000	0.0000	-7.5081	10.4212	-0.0000	23809.7197	-16.5806	0.0000	-14.9278	0.0000
7.8000	841.0715	7.2177	3972.5439	2930.1360	0.0000	0.0070	849.4832	27266.5000	8000.0000	0.0000	29876.0000	7000.0000	0.0000	-7.3451	10.3903	-0.0000	23693.6960	-16.1999	0.0000	-14.5152	0.0000
7.9000	845.6123	7.2594	4050.0211	2963.3876	0.0000	0.0077	847.9603	27231.5000	8000.0000	0.0000	29836.0000	7000.0000	0.0000	-7.1829	10.3600	-0.0000	23577.1247	-15.8224	0.0000	-14.1090	0.0000
8.0000	850.1624	7.3051	4128.1085	2996.3666	0.0000	0.0083	846.4413	27196.5000	8000.0000	0.0000	29796.0000	7000.0000	0.0000	-7.0216	10.3303	-0.0000	23460.0084	-15.4485	0.0000	-13.7096	0.0000
8.1000	854.7206	7.3543	4206.8018	3029.0775	0.0000	0.0089	844.9259	27161.5000	8000.0000	0.0000	29756.0000	7000.0000	0.0000	-6.8615	10.3013	-0.0000	23342.3498	-15.0784	0.0000	-13.3169	0.0000
8.2000	859.2856	7.4067	4286.0973	3061.5249	0.0000	0.0094	843.4143	27126.5000	8000.0000	0.0000	29716.0000	7000.0000	0.0000	-6.7025	10.2729	-0.0000	23224.1516	-14.7124	0.0000	-12.9311	0.0000
8.3000	863.8561	7.4620	4365.9908	3093.7134	0.0000	0.0099	841.9065	27091.5000	8000.0000	0.0000	29676.0000	7000.0000	0.0000	-6.5449	10.2450	-0.0000	23105.4162	-14.3505	0.0000	-12.5523	0.0000
8.4000	868.4309	7.5199	4446.4785	3125.6478	0.0000	0.0104	840.4024	27056.5000	8000.0000	0.0000	29636.0000	7000.0000	0.0000	-6.3886	10.2178	-0.0000	22986.1465	-13.9931	0.0000	-12.1805	0.0000
8.5000	873.0087	7.5803	4527.5562	3157.3327	0.0000	0.0108	838.9021	27021.5000	8000.0000	0.0000	29596.0000	7000.0000	0.0000	-6.2339	10.1912	-0.0000	22866.3451	-13.6402	0.0000	-11.8158	0.0000
8.6000	877.5884	7.6428	4609.2200	3188.7727	0.0000	0.0111	837.4055	26986.5000	8000.0000	0.0000	29556.0000	7000.0000	0.0000	-6.0807	10.1652	-0.0000	22746.0147	-13.2919	0.0000	-11.4581	0.0000
8.7000	882.1687	7.7074	4691.4659	3219.9725	0.0000	0.0115	835.9126	26951.5000	8000.0000	0.0000	29516.0000	7000.0000	0.0000	-5.9292	10.1397	-0.0000	22625.1580	-12.9483	0.0000	-11.1074	0.0000
8.8000	886.7485	7.7738	4774.2899	3250.9368	0.0000	0.0118	834.4236	26916.5000	8000.0000	0.0000	29476.0000	7000.0000	0.0000	-5.7793	10.1148	-0.0000	22503.7778	-12.6095	0.0000	-10.7638	0.0000
8.9000	891.3267	7.8419	4857.6880	3281.6703	0.0000	0.0120	832.9382	26881.5000	8000.0000	0.0000	29436.0000	7000.0000	0.0000	-5.6312	10.0905	-0.0000	22381.8767	-12.2755	0.0000	-10.4272	0.0000
9.0000	895.9023	7.9115	4941.6563	3312.1776	0.0000	0.0123	831.4566	26846.5000	8000.0000	0.0000	29396.0000	7000.0000	0.0000	-5.4848	10.0668	-0.0000	22259.4575	-11.9464	0.0000	-10.0975	0.0000
9.1000	900.4740	7.9825	5026.1908	3342.4634	0.0000	0.0125	829.9788	26811.5000	8000.0000	0.0000	29356.0000	7000.0000	0.0000	-5.3402	10.0436	-0.0000	22136.5230	-11.6221	0.0000	-9.7747	0.0000
9.2000	905.0411	8.0548	5111.2875	3372.5323	0.0000	0.0127	828.5047	26776.5000	8000.0000	0.0000	29316.0000	7000.0000	0.0000	-5.1975	10.0210	-0.0000	22013.0760	-11.3027	0.0000	-9.4587	0.0000
9.3000	909.6023	8.1282	5196.9425	3402.3889	0.0000	0.0129	827.0344	26741.5000	8000.0000	0.0000	29276.0000	7000.0000	0.0000	-5.0565	9.9989	-0.0000	21889.1192	-10.9882	0.0000	-9.1495	0.0000
9.4000	914.1569	8.2027	5283.1517	3432.0378	0.0000	0.0131	825.5678	26706.5000	8000.0000	0.0000	29236.0000	7000.0000	0.0000	-4.9175	9.9773	-0.0000	21764.6554	-10.6785	0.0000	-8.8469	0.0000
9.5000	918.7039	8.2782	5369.9113	3461.4836	0.0000	0.0133	824.1049	26671.5000	8000.0000	0.0000	29196.0000	7000.0000	0.0000	-4.7803	9.9563	-0.0000	21639.6876	-10.3737	0.0000	-8.5509	0.0000
9.6000	923.2424	8.3545	5457.2173	3490.7308	0.0000	0.0134	822.6459	26636.5000	8000.0000	0.0000	29156.0000	7000.0000	0.0000	-4.6449	9.9359	-0.0000	21514.2184	-10.0737	0.0000	-8.2613	0.0000
9.7000	927.7715	8.4317	5545.0658	3519.7839	0.0000	0.0135	821.1905	26601.5000	8000.0000	0.0000	29116.0000	7000.0000	0.0000	-4.5115	9.9159	-0.0000	21388.2506	-9.7785	0.0000	-7.9782	0.0000
9.8000	932.2906	8.5096	5633.4529	3548.6475	0.0000	0.0137	819.7389	26566.5000	8000.0000	0.0000	29076.0000	7000.0000	0.0000	-4.3799	9.8965	-0.0000	21261.7873	-9.4880	0.0000	-7.7014	0.0000
9.9000	936.7987	8.5881	5722.3746	3577.3259	0.0000	0.0138	818.2911	26531.5000	8000.0000	0.0000	29036.0000	7000.0000	0.0000	-4.2502	9.8776	-0.0000	21134.8311	-9.2022	0.0000	-7.4308	0.0000
10.0000	941.2952	8.6673	5811.8272	3605.8237	0.0000	0.0139	816.8470	26496.5000	8000.0000	0.0000	28996.0000	7000.0000	0.0000	-4.1224	9.8591	-0.0000	21007.3849	-8.9211	0.0000	-7.1662	0.0000
10.1000	945.7794	8.7470	5901.8066	3634.1453	0.0000	0.0140	815.4067	26461.5000	8000.0000	0.0000	28956.0000	7000.0000	0.0000	-3.9964	9.8412	-0.0000	20879.4516	-8.6446	0.0000	-6.9077	0.0000
10.2000	950.2505	8.8273	5992.3091	3662.2949	0.0000	0.0140	813.9701	26426.5000	8000.0000	0.0000	28916.0000	7000.0000	0.0000	-3.8724	9.8238	-0.0000	20751.0340	-8.3726	0.0000	-6.6550	0.0000
10.3000	954.7080	8.9079	6083.3307	3690.2769	0.0000	0.0141	812.5372	26391.5000	8000.0000	0.0000	28876.0000	7000.0000	0.0000	-3.7501	9.8069	-0.0000	20622.1350	-8.1051	0.0000	-6.4082	0.0000
10.4000	959.1571	8.9890	6174.8678	3718.0957	0.0000	0.0142	811.1082	26356.5000	8000.0000	0.0000	28836.0000	7000.0000	0.0000	-3.6321	9.7904	-0.0000	20492.7573	-7.8421	0.0000	-6.1670	0.0000
10.5000	963.6174	9.0704	6266.9182	3745.7557	0.0000	0.0142	809.6828	26321.5000	8000.0000	0.0000	28796.0000	7000.0000	0.0000	-3.5171	9.7744	-0.0000	20362.9025	-7.5832	0.0000	-5.9310	0.0000
10.6000	968.0895	9.1522	6359.4806	3773.2616	0.0000	0.0143	808.2612	26286.5000	8000.0000	0.0000	28756.0000	7000.0000	0.0000	-3.4036	9.7589	-0.0000	20232.5707	-7.3285	0.0000	-5.7003	0.0000
10.7000	972.5727	9.2342	6452.5541	3800.6181	0.0000	0.0143	806.8434	26251.5000	8000.0000	0.0000	28716.0000	7000.0000	0.0000	-3.2916	9.7439	-0.0000	20101.7620	-7.0778	0.0000	-5.4747	0.0000
10.8000	977.0653	9.3164	6546.1375	3827.8296	0.0000	0.0144	805.4293	26216.5000	8000.0000	0.0000	28676.0000	7000.0000	0.0000	-3.1814	9.7293	-0.0000	19970.4765	-6.8313	0.0000	-5.2595	0.0000
10.9000	981.5496	9.3985	6640.2291	3854.9006	0.0000	0.0143	804.0190	26181.5000	8000.0000	0.0000	28636.0000	7000.0000	0.0000	-3.0743	9.7152	-0.0000	19838.7150	-6.5890	0.0000	-5.0726	0.0000
11.0000	986.0169	9.4797	6734.8255	3881.8348	0.0000	0.0141	802.6124	26146.5000	8000.0000	0.0000	28596.0000	7000.0000	0.0000	-2.9690	9.7015	-0.0000	19706.4800	-6.3515	0.0000	-4.8867	0.0000
11.1000	990.4664	9.5600	6829.9231	3908.6356	0.0000	0.0139	801.2095	26111.5000	8000.0000	0.0000	28556.0000	7000.0000	0.0000	-2.8654	9.6883	-0.0000	19573.7741	-6.1190	0.0000	-4.7034	0.0000
11.2000	994.8973	9.6396	6925.5183	3935.3068	0.0000	0.0138	799.8105	26076.5000	8000.0000	0.0000	28516.0000	7000.0000	0.0000	-2.7635	9.6755	-0.0000	19440.6002	-5.8911	0.0000	-4.5231	0.0000
11.3000	999.3088	9.7186	7021.6076	3961.8517	0.0000	0.0138	798.4151	26041.5000	8000.0000	0.0000	28476.0000	7000.0000	0.0000	-2.6633	9.6632	-0.0000	19306.9612	-5.6676	0.0000	-4.3458	0.0000
11.4000	1003.7004	9.7974	7118.1871	3988.2740	0.0000	0.0137	797.0235	26006.5000	8000.0000	0.0000	28436.0000	7000.0000	0.0000	-2.5644	9.6513	-0.0000	19172.8599	-5.4481	0.0000	-4.1714	0.0000
11.5000	1008.0714	9.8762	7215.2534	4014.5769	0.0000	0.0137	795.6357	25971.5000	8000.0000	0.0000	28396.0000	7000.0000	0.0000	-2.4670	9.6399	-0.0000	19038.2994	-5.2323	0.0000	-3.9997	0.0000
11.6000	1012.4214	9.9550	7312.8026	4040.7641	0.0000	0.0138	794.2516	25936.5000	8000.0000	0.0000	28356.0000	7000.0000	0.0000	-2.3707	9.6288	-0.0000	18903.2826	-5.0200	0.0000	-3.8307	0.0000
11.7000	1016.7485	10.0342	7410.8310	4066.8388	0.0000	0.0138	792.8713	25901.5000	8000.0000	0.0000	28316.0000	7000.0000	0.0000	-2.2754	9.6182	-0.0000	18767.8124	-4.8109	0.0000	-3.6641	0.0000
11.8000	1021.0509	10.1137	7509.3348	4092.8046	0.0000	0.0139	791.4947	25866.5000	8000.0000	0.0000	28276.0000	7000.0000	0.0000	-2.1812	9.6080	-0.0000	18631.8920	-4.6050	0.0000	-3.4998	0.0000
11.9000	1025.3283	10.1938	7608.3100	4118.6646	0.0000	0.0140	790.1218	25831.5000	8000.0000	0.0000	28236.0000	7000.0000	0.0000	-2.0881	9.5982	-0.0000	18495.5247	-4.4020	0.0000	-3.3379	0.0000
12.0000	1029.5802	10.2744	7707.7526	4144.4224	0.0000	0.0141	788.7528	25796.5000	8000.0000	0.0000	28196.0000	7000.0000	0.0000	-1.9960	9.5889	-0.0000	18358.7138	-4.2019	0.0000	-3.1781	0.0000
12.1000	1033.8063	10.3557	7807.6586	4170.0813	0.0000	0.0143	787.3874	25761.5000	8000.0000	0.0000	28156.0000	7000.0000	0.0000	-1.9048	9.5799	-0.0000	18221.4626	-4.0044	0.0000	-3.0205	0.0000
12.2000	1038.0064	10.4377	7908.0241	4195.6446	0.0000	0.0144	786.0258	25726.5000	8000.0000	0.0000	28116.0000	7000.0000	0.0000	-1.8145	9.5714	-0.0000	18083.7743	-3.8095	0.0000	-2.8649	0.0000
12.3000	1042.1801	10.5205	8008.8451	4221.1157	0.0000	0.0145	784.6680	25691.5000	8000.0000	0.0000	28076.0000	7000.0000	0.0000	-1.7251	9.5633	-0.0000	17945.6523	-3.6171	0.0000	-2.7114	0.0000
12.4000	1046.3272	10.6039	8110.1175	4246.4980	0.0000	0.0146	783.3139	25656.5000	8000.0000	0.0000	28036.0000	7000.0000	0.0000	-1.6366	9.5555	-0.0000	17807.0998	-3.4272	0.0000	-2.5598	0.0000
12.5000	1050.4474	10.6882	8211.8375	4271.7949	0.0000	0.0148	781.9636	25621.5000	8000.0000	0.0000	27996.0000	7000.0000	0.0000	-1.5490	9.5482	-0.0000	17668.1201	-3.2397	0.0000	-2.4102	0.0000
12.6000	1054.5413	10.7731	8314.0010	4297.0096	0.0000	0.0149	780.6170	25586.5000	8000.0000	0.0000	27956.0000	7000.0000	0.0000	-1.4624	9.5412	-0.0000	17528.7166	-3.0545	0.0000	-2.2625	0.0000
12.7000	1058.6203	10.8588	8416.6047	4322.1457	0.0000	0.0150	779.2741	25551.5000	8000.0000	0.0000	27916.0000	7000.0000	0.0000	-1.3773	9.5346	-0.0000	17388.8921	-2.8717	0.0000	-2.1168	0.0000
12.8000	1062.6881	10.9453	8519.6460	4347.2069	0.0000	0.0151	777.9351	25516.5000	8000.0000	0.0000	27876.0000	7000.0000	0.0000	-1.2929	9.5285	-0.0000	17248.6484	-2.6910	0.0000	-1.9730	0.0000
12.9000	1066.7443	11.0324	8623.1226	4372.1968	0.0000	0.0153	776.5997	25481.5000	8000.0000	0.0000	27836.0000	7000.0000	0.0000	-1.2093	9.5226	-0.0000	17107.9873	-2.5127	0.0000	-1.8310	0.0000
13.0000	1070.7887	11.1201	8727.0322	4397.1192	0.0000	0.0154	775.2681	25446.5000	8000.0000	0.0000	27796.0000	7000.0000	0.0000	-1.1264	9.5172	-0.0000	16966.9104	-2.3366	0.0000	-1.6910	0.0000
13.1000	1074.8207	11.2084	8831.3723	4421.9776	0.0000	0.0155	773.9403	25411.5000	8000.0000	0.0000	27756.0000	7000.0000	0.0000	-1.0442	9.5121	-0.0000	16825.4194	-2.1628	0.0000	-1.5529	0.0000
13.2000	1078.8399	11.2973	8936.1405	4446.7758	0.0000	0.0156	772.6162	25376.5000	8000.0000	0.0000	27716.0000	7000.0000	0.0000	-0.9628	9.5074	-0.0000	16683.5160	-1.9913	0.0000	-1.4167	0.0000
13.3000	1082.8302	11.3866	9041.3339	4471.5173	0.0000	0.0156	771.2959	25341.5000	8000.0000	0.0000	27676.0000	7000.0000	0.0000	-0.8814	9.5031	-0.0000	16541.2025	-1.8221	0.0000	-1.2824	0.0000
13.4000	1086.7807	11.4764	9146.9479	4496.2055	0.0000	0.0157	769.9793	25306.5000	8000.0000	0.0000	27636.0000	7000.0000	0.0000	-0.8010	9.4990	-0.0000	16398.4826	-1.6553	0.0000	-1.1501	0.0000
13.5000	1090.6913	11.5666	9252.9773	4520.8433	0.0000	0.0158	768.6664	25271.5000	8000.0000	0.0000	27596.0000	7000.0000	0.0000	-0.7215	9.4954	-0.0000	16255.3608	-1.4908	0.0000	-1.0196	0.0000
13.6000	1094.5620	11.6571	9359.4173	4545.4339	0.0000	0.0158	767.3574	25236.5000	8000.0000	0.0000	27556.0000	7000.0000	0.0000	-0.6431	9.4921	-0.0000	16111.8416	-1.3286	0.0000	-0.8911	0.0000
13.7000	1098.3929	11.7480	9466.2629	4569.9804	0.0000	0.0159	766.0520	25201.5000	8000.0000	0.0000	27516.0000	7000.0000	0.0000	-0.5656	9.4891	-0.0000	15967.9293	-1.1688	0.0000	-0.7646	0.0000
13.8000	1102.1838	11.8392	9573.5089	4594.4860	0.0000	0.0159	764.7504	25166.5000	8000.0000	0.0000	27476.0000	7000.0000	0.0000	-0.4891	9.4865	-0.0000	15823.6282	-1.0113	0.0000	-0.6399	0.0000
13.9000	1105.9349	11.9307	9681.1506	4618.9536	0.0000	0.0160	763.4526	25131.5000	8000.0000	0.0000	27436.0000	7000.0000	0.0000	-0.4138	9.4841	-0.0000	15678.9428	-0.8561	0.0000	-0.5179	0.0000
14.0000	1109.6462	12.0225	9789.1831	4643.3864	0.0000	0.0160	762.1585	25096.5000	8000.0000	0.0000	27396.0000	7000.0000	0.0000	-0.3394	9.4821	-0.0000	15533.8773	-0.7031	0.0000	-0.3976	0.0000
14.1000	1113.3176	12.1145	9897.6013	4667.7873	0.0000	0.0161	760.8682	25061.5000	8000.0000	0.0000	27356.0000	7000.0000	0.0000	-0.2659	9.4805	-0.0000	15388.4362	-0.5523	0.0000	-0.2787	0.0000
14.2000	1116.9493	12.2068	10006.4004	4692.1594	0.0000	0.0161	759.5816	25026.5000	8000.0000	0.0000	27316.0000	7000.0000	0.0000	-0.1933	9.4791	-0.0000	15242.6236	-0.4037	0.0000	-0.1612	0.0000
14.3000	1120.5413	12.2993	10115.5756	4716.5057	0.0000	0.0162	758.2987	24991.5000	8000.0000	0.0000	27276.0000	7000.0000	0.0000	-0.1216	9.4781	-0.0000	15096.4440	-0.2573	0.0000	-0.0451	0.0000
14.4000	1124.0937	12.3919	10225.1220	4740.8291	0.0000	0.0162	757.0197	24956.5000	8000.0000	0.0000	27236.0000	7000.0000	0.0000	-0.0509	9.4773	-0.0000	14949.9015	-0.1131	0.0000	0.0695	0.0000
14.5000	1127.6060	12.4846	10335.0349	4765.1328	0.0000	0.0162	755.7443	24921.5000	8000.0000	0.0000	27196.0000	7000.0000	0.0000	0.0188	9.4768	-0.0000	14803.0004	0.0288	0.0000	0.1823	0.0000
14.6000	1131.0675	12.5772	10445.3089	4789.4194	0.0000	0.0161	754.4727	24886.5000	8000.0000	0.0000	27156.0000	7000.0000	0.0000	0.0873	9.4767	-0.0000	14655.7454	0.1684	0.0000	0.2922	0.0000
14.7000	1134.4743	12.6694	10555.9380	4813.6916	0.0000	0.0161	753.2049	24851.5000	8000.0000	0.0000	27116.0000	7000.0000	0.0000	0.1545	9.4768	-0.0000	14508.1419	0.3054	0.0000	0.4001	0.0000
14.8000	1137.8267	12.7612	10666.9160	4837.9519	0.0000	0.0160	751.9408	24816.5000	8000.0000	0.0000	27076.0000	7000.0000	0.0000	0.2204	9.4772	-0.0000	14360.1957	0.4399	0.0000	0.5058	0.0000
14.9000	1141.1251	12.8526	10778.2366	4862.2029	0.0000	0.0159	750.6805	24781.5000	8000.0000	0.0000	27036.0000	7000.0000	0.0000	0.2850	9.4778	-0.0000	14211.9125	0.5718	0.0000	0.6090	0.0000
15.0000	1144.3701	12.9436	10889.8939	4886.4469	0.0000	0.0158	749.4239	24746.5000	8000.0000	0.0000	26996.0000	7000.0000	0.0000	0.3483	9.4788	-0.0000	14063.2979	0.7012	0.0000	0.7100	0.0000
15.1000	1147.5620	13.0341	11001.8817	4910.6865	0.0000	0.0158	748.1710	24711.5000	8000.0000	0.0000	26956.0000	7000.0000	0.0000	0.4103	9.4800	-0.0000	13914.3574	0.8281	0.0000	0.8086	0.0000
15.2000	1150.7013	13.1242	11114.1941	4934.9239	0.0000	0.0157	746.9220	24676.5000	8000.0000	0.0000	26916.0000	7000.0000	0.0000	0.4711	9.4814	-0.0000	13765.0966	0.9526	0.0000	0.9050	0.0000
15.3000	1153.7884	13.2138	11226.8252	4959.1615	0.0000	0.0156	745.6766	24641.5000	8000.0000	0.0000	26876.0000	7000.0000	0.0000	0.5307	9.4832	-0.0000	13615.5209	1.0747	0.0000	1.0005	0.0000
15.4000	1156.8239	13.3030	11339.7691	4983.4015	0.0000	0.0155	744.4350	24606.5000	8000.0000	0.0000	26836.0000	7000.0000	0.0000	0.5892	9.4851	-0.0000	13465.6357	1.1946	0.0000	1.0946	0.0000
15.5000	1159.8081	13.3919	11453.0201	5007.6463	0.0000	0.0155	743.1972	24571.5000	8000.0000	0.0000	26796.0000	7000.0000	0.0000	0.6466	9.4873	-0.0000	13315.4463	1.3123	0.0000	1.1868	0.0000
15.6000	1162.7416	13.4804	11566.5725	5031.8981	0.0000	0.0154	741.9631	24536.5000	8000.0000	0.0000	26756.0000	7000.0000	0.0000	0.7029	9.4898	-0.0000	13164.9581	1.4278	0.0000	1.2772	0.0000
15.7000	1165.6248	13.5686	11680.4205	5056.1589	0.0000	0.0153	740.7328	24501.5000	8000.0000	0.0000	26716.0000	7000.0000	0.0000	0.7581	9.4925	-0.0000	13014.1762	1.5412	0.0000	1.3658	0.0000
15.8000	1168.4583	13.6563	11794.5586	5080.4311	0.0000	0.0153	739.5062	24466.5000	8000.0000	0.0000	26676.0000	7000.0000	0.0000	0.8121	9.4954	-0.0000	12863.1058	1.6525	0.0000	1.4527	0.0000
15.9000	1171.2425	13.7435	11908.9813	5104.7167	0.0000	0.0152	738.2833	24431.5000	8000.0000	0.0000	26636.0000	7000.0000	0.0000	0.8651	9.4985	-0.0000	12711.7521	1.7616	0.0000	1.5378	0.0000
16.0000	1173.9780	13.8303	12023.6831	5129.0177	0.0000	0.0151	737.0643	24396.5000	8000.0000	0.0000	26596.0000	7000.0000	0.0000	0.9169	9.5018	-0.0000	12560.1202	1.8686	0.0000	1.6212	0.0000
16.1000	1176.6653	13.9165	12138.6585	5153.3362	0.0000	0.0150	735.8489	24361.5000	8000.0000	0.0000	26556.0000	7000.0000	0.0000	0.9677	9.5054	-0.0000	12408.2149	1.9735	0.0000	1.7029	0.0000
16.2000	1179.2990	14.0022	12253.9022	5177.6741	0.0000	0.0149	734.6373	24326.5000	8000.0000	0.0000	26516.0000	7000.0000	0.0000	1.0168	9.5092	-0.0000	12256.0415	2.0763	0.0000	1.7829	0.0000
16.3000	1181.8676	14.0872	12369.4076	5202.0332	0.0000	0.0148	733.4295	24291.5000	8000.0000	0.0000	26476.0000	7000.0000	0.0000	1.0645	9.5131	-0.0000	12103.6058	2.1770	0.0000	1.8613	0.0000
16.4000	1184.3717	14.1717	12485.1678	5226.4148	0.0000	0.0147	732.2254	24256.5000	8000.0000	0.0000	26436.0000	7000.0000	0.0000	1.1112	9.5173	-0.0000	11950.9145	2.2756	0.0000	1.9382	0.0000
16.5000	1186.8125	14.2556	12601.1759	5250.8203	0.0000	0.0146	731.0251	24221.5000	8000.0000	0.0000	26396.0000	7000.0000	0.0000	1.1567	9.5216	-0.0000	11797.9741	2.3723	0.0000	2.0136	0.0000
16.6000	1189.1908	14.3389	12717.4253	5275.2513	0.0000	0.0145	729.8285	24186.5000	8000.0000	0.0000	26356.0000	7000.0000	0.0000	1.2012	9.5262	-0.0000	11644.7911	2.4671	0.0000	2.0874	0.0000
16.7000	1191.5077	14.4217	12833.9092	5299.7089	0.0000	0.0144	728.6356	24151.5000	8000.0000	0.0000	26316.0000	7000.0000	0.0000	1.2446	9.5309	-0.0000	11491.3718	2.5599	0.0000	2.1598	0.0000
16.8000	1193.7642	14.5039	12950.6211	5324.1946	0.0000	0.0143	727.4466	24116.5000	8000.0000	0.0000	26276.0000	7000.0000	0.0000	1.2869	9.5358	-0.0000	11337.7224	2.6510	0.0000	2.2308	0.0000
16.9000	1195.9614	14.5856	13067.5548	5348.7096	0.0000	0.0142	726.2612	24081.5000	8000.0000	0.0000	26236.0000	7000.0000	0.0000	1.3283	9.5409	-0.0000	11183.8490	2.7403	0.0000	2.3003	0.0000
17.0000	1198.1001	14.6668	13184.7038	5373.2551	0.0000	0.0141	725.0796	24046.5000	8000.0000	0.0000	26196.0000	7000.0000	0.0000	1.3686	9.5462	-0.0000	11029.7576	2.8278	0.0000	2.3685	0.0000
17.1000	1200.1815	14.7475	13302.0620	5397.8325	0.0000	0.0140	723.9018	24011.5000	8000.0000	0.0000	26156.0000	7000.0000	0.0000	1.4080	9.5516	-0.0000	10875.4542	2.9136	0.0000	2.4353	0.0000
17.2000	1202.2066	14.8276	13419.6234	5422.4428	0.0000	0.0139	722.7277	23976.5000	8000.0000	0.0000	26116.0000	7000.0000	0.0000	1.4464	9.5572	-0.0000	10720.9444	2.9977	0.0000	2.5009	0.0000
17.3000	1204.1762	14.9072	13537.3820	5447.0873	0.0000	0.0138	721.5574	23941.5000	8000.0000	0.0000	26076.0000	7000.0000	0.0000	1.4839	9.5629	-0.0000	10566.2341	3.0802	0.0000	2.5651	0.0000
17.4000	1206.0943	14.9863	13655.3320	5471.7671	0.0000	0.0138	720.3908	23906.5000	8000.0000	0.0000	26036.0000	7000.0000	0.0000	1.5208	9.5688	-0.0000	10411.3288	3.1611	0.0000	2.6281	0.0000
17.5000	1207.9677	15.0649	13773.4682	5496.4833	0.0000	0.0137	719.2279	23871.5000	8000.0000	0.0000	25996.0000	7000.0000	0.0000	1.5570	9.5749	-0.0000	10256.2334	3.2404	0.0000	2.6898	0.0000
17.6000	1209.7972	15.1430	13891.7859	5521.2374	0.0000	0.0136	718.0689	23836.5000	8000.0000	0.0000	25956.0000	7000.0000	0.0000	1.5923	9.5811	-0.0000	10100.9524	3.3181	0.0000	2.7501	0.0000
17.7000	1211.5932	15.0442	14010.2810	5546.0285	0.0000	-0.1717	716.9135	23801.5000	8000.0000	0.0000	25916.0000	7000.0000	0.0000	1.2865	6.9653	-0.0000	12010.2140	3.3074	0.0000	-6.5978	0.0000
17.8000	1213.5358	13.4601	14128.9603	5570.8333	0.0000	-0.3531	715.7619	23766.5000	8000.0000	0.0000	25876.0000	7000.0000	0.0000	0.7494	6.9393	-0.0000	11849.7183	1.8615	0.0000	-3.2348	0.0000
17.9000	1215.6986	11.3648	14247.8533	5595.6243	0.0000	-0.3661	714.6141	23731.5000	8000.0000	0.0000	25836.0000	7000.0000	0.0000	-0.1848	6.9127	-0.0000	11689.0174	-0.1836	0.0000	-3.1046	0.0000
18.0000	1217.7860	9.3594	14366.9796	5620.3507	0.0000	-0.3258	713.4700	23696.5000	8000.0000	0.0000	25796.0000	7000.0000	0.0000	-1.0995	6.8858	-0.0000	11528.0953	-2.1462	0.0000	-3.6808	0.0000
18.1000	1219.5097	7.6238	14486.3294	5644.9543	0.0000	-0.2747	712.3297	23661.5000	8000.0000	0.0000	25756.0000	7000.0000	0.0000	-1.8648	6.8589	-0.0000	11366.9655	-3.8225	0.0000	-4.4883	0.0000
18.2000	1220.9190	6.1793	14605.8758	5669.3821	0.0000	-0.2253	711.1931	23626.5000	8000.0000	0.0000	25716.0000	7000.0000	0.0000	-2.4782	6.8322	-0.0000	11205.6610	-5.1876	0.0000	-5.1956	0.0000
18.3000	1222.0667	5.0056	14725.5981	5693.5921	0.0000	-0.1809	710.0602	23591.5000	8000.0000	0.0000	25676.0000	7000.0000	0.0000	-2.9496	6.8060	-0.0000	11044.2079	-6.2640	0.0000	-5.7531	0.0000
18.4000	1222.9953	4.0718	14845.4772	5717.5515	0.0000	-0.1421	708.9312	23556.5000	8000.0000	0.0000	25636.0000	7000.0000	0.0000	-3.3013	6.7803	-0.0000	10882.6288	-7.0858	0.0000	-6.1609	0.0000
18.5000	1223.7529	3.3465	14965.4974	5741.2360	0.0000	-0.1086	707.8058	23521.5000	8000.0000	0.0000	25596.0000	7000.0000	0.0000	-3.5527	6.7554	-0.0000	10720.9426	-7.6879	0.0000	-6.4336	0.0000
18.6000	1224.3873	2.8009	15085.6461	5764.6277	0.0000	-0.0797	706.6842	23486.5000	8000.0000	0.0000	25556.0000	7000.0000	0.0000	-3.7231	6.7314	-0.0000	10559.1639	-8.1018	0.0000	-6.5889	0.0000
18.7000	1224.9705	2.4096	15205.9154	5787.7149	0.0000	-0.0550	705.5664	23451.5000	8000.0000	0.0000	25516.0000	7000.0000	0.0000	-3.8276	6.7084	-0.0000	10397.3022	-8.3552	0.0000	-6.6434	0.0000
18.8000	1225.5272	2.1503	15326.3022	5810.4904	0.0000	-0.0339	704.4523	23416.5000	8000.0000	0.0000	25476.0000	7000.0000	0.0000	-3.8711	6.6865	-0.0000	10235.3616	-8.4726	0.0000	-6.6121	0.0000
18.9000	1226.0672	2.0038	15446.8039	5832.9508	0.0000	-0.0159	703.3420	23381.5000	8000.0000	0.0000	25436.0000	7000.0000	0.0000	-3.8632	6.6657	-0.0000	10073.3447	-8.4748	0.0000	-6.5086	0.0000
19.0000	1226.5984	1.9536	15567.4184	5855.0961	0.0000	-0.0005	702.2354	23346.5000	8000.0000	0.0000	25396.0000	7000.0000	0.0000	-3.8123	6.6462	-0.0000	9911.2534	-8.3800	0.0000	-6.3445	0.0000
19.1000	1227.1271	1.9856	15688.1437	5876.9289	0.0000	0.0126	701.1325	23311.5000	8000.0000	0.0000	25356.0000	7000.0000	0.0000	-3.7254	6.6279	-0.0000	9749.0891	-8.2038	0.0000	-6.1297	0.0000
19.2000	1227.6593	2.0873	15808.9780	5898.4541	0.0000	0.0237	700.0335	23276.5000	8000.0000	0.0000	25316.0000	7000.0000	0.0000	-3.6093	6.6108	-0.0000	9586.8529	-7.9595	0.0000	-5.8730	0.0000
19.3000	1228.2276	2.2484	15929.9208	5919.6783	0.0000	0.0332	698.9381	23241.5000	8000.0000	0.0000	25276.0000	7000.0000	0.0000	-3.4738	6.5951	-0.0000	9424.5446	-7.6584	0.0000	-5.5814	0.0000
19.4000	1228.8542	2.4598	16050.9749	5940.6099	0.0000	0.0412	697.8465	23206.5000	8000.0000	0.0000	25236.0000	7000.0000	0.0000	-3.3181	6.5807	-0.0000	9262.1604	-7.3102	0.0000	-5.2612	0.0000
19.5000	1229.5463	2.7137	16172.1441	5961.2588	0.0000	0.0479	696.7587	23171.5000	8000.0000	0.0000	25196.0000	7000.0000	0.0000	-3.1454	6.5677	-0.0000	9099.6954	-6.9233	0.0000	-4.9177	0.0000
19.6000	1230.3088	3.0035	16293.4326	5981.6358	0.0000	0.0536	695.6746	23136.5000	8000.0000	0.0000	25156.0000	7000.0000	0.0000	-2.9586	6.5560	-0.0000	8937.1439	-6.5048	0.0000	-4.5558	0.0000
19.7000	1231.1448	3.3236	16414.8451	6001.7526	0.0000	0.0584	694.5943	23101.5000	8000.0000	0.0000	25116.0000	7000.0000	0.0000	-2.7601	6.5457	-0.0000	8774.4998	-6.0610	0.0000	-4.1795	0.0000
19.8000	1232.0560	3.6688	16536.3866	6021.6219	0.0000	0.0624	693.5177	23066.5000	8000.0000	0.0000	25076.0000	7000.0000	0.0000	-2.5522	6.5367	-0.0000	8611.7568	-5.5972	0.0000	-3.7923	0.0000
19.9000	1233.0427	4.0350	16658.0619	6041.2567	0.0000	0.0657	692.4448	23031.5000	8000.0000	0.0000	25036.0000	7000.0000	0.0000	-2.3366	6.5290	-0.0000	8448.9083	-5.1180	0.0000	-3.3974	0.0000
20.0000	1234.1016	4.4184	16779.8759	6060.6707	0.0000	0.0683	691.3758	22996.5000	8000.0000	0.0000	24996.0000	7000.0000	0.0000	-2.1145	6.5227	-0.0000	8285.9478	-4.6275	0.0000	-2.9975	0.0000
20.1000	1235.2255	4.8157	16901.8329	6079.8779	0.0000	0.0705	690.3104	22961.5000	8000.0000	0.0000	24956.0000	7000.0000	0.0000	-1.8879	6.5177	-0.0000	8122.8695	-4.1292	0.0000	-2.5949	0.0000
20.2000	1236.4120	5.2239	17023.9366	6098.8926	0.0000	0.0721	689.2488	22926.5000	8000.0000	0.0000	24916.0000	7000.0000	0.0000	-1.6584	6.5141	-0.0000	7959.6677	-3.6261	0.0000	-2.1918	0.0000
20.3000	1237.6582	5.6405	17146.1908	6117.7294	0.0000	0.0734	688.1910	22891.5000	8000.0000	0.0000	24876.0000	7000.0000	0.0000	-1.4270	6.5117	-0.0000	7796.3373	-3.1210	0.0000	-1.7900	0.0000
20.4000	1238.9904	6.0632	17268.5995	6136.4028	0.0000	0.0742	687.1369	22856.5000	8000.0000	0.0000	24836.0000	7000.0000	0.0000	-1.1975	6.5105	-0.0000	7632.8725	-2.6162	0.0000	-1.3911	0.0000
20.5000	1240.4326	6.4898	17391.1705	6154.9280	0.0000	0.0747	686.0866	22821.5000	8000.0000	0.0000	24796.0000	7000.0000	0.0000	-0.9674	6.5106	-0.0000	7469.2643	-2.1139	0.0000	-0.9965	0.0000
20.6000	1241.9483	6.9185	17513.9114	6173.3204	0.0000	0.0749	685.0400	22786.5000	8000.0000	0.0000	24756.0000	7000.0000	0.0000	-0.7354	6.5119	-0.0000	7305.5031	-1.6159	0.0000	-0.6077	0.0000
20.7000	1243.4716	7.3476	17636.8237	6191.5945	0.0000	0.0748	683.9971	22751.5000	8000.0000	0.0000	24716.0000	7000.0000	0.0000	-0.5053	6.5144	-0.0000	7141.5851	-1.1242	0.0000	-0.2260	0.0000
20.8000	1244.9982	7.7756	17759.9056	6209.7643	0.0000	0.0746	682.9581	22716.5000	8000.0000	0.0000	24676.0000	7000.0000	0.0000	-0.2787	6.5180	-0.0000	6977.5104	-0.6401	0.0000	0.1525	0.0000
20.9000	1246.5249	8.2024	17883.1552	6227.8438	0.0000	0.0743	681.9227	22681.5000	8000.0000	0.0000	24636.0000	7000.0000	0.0000	-0.0553	6.5226	-0.0000	6813.2793	-0.1637	0.0000	0.5248	0.0000
21.0000	1248.0342	8.6270	18006.5699	6245.8466	0.0000	0.0737	680.8911	22646.5000	8000.0000	0.0000	24596.0000	7000.0000	0.0000	0.1637	6.5284	-0.0000	6648.8928	0.3042	0.0000	0.8765	0.0000
21.1000	1249.4821	9.0459	18130.1437	6263.7856	0.0000	0.0723	679.8633	22611.5000	8000.0000	0.0000	24556.0000	7000.0000	0.0000	0.3759	6.5352	-0.0000	6484.3550	0.7605	0.0000	1.2145	0.0000
21.2000	1250.8654	9.4560	18253.8683	6281.6731	0.0000	0.0707	678.8392	22576.5000	8000.0000	0.0000	24516.0000	7000.0000	0.0000	0.5804	6.5429	-0.0000	6319.6725	1.2022	0.0000	1.5476	0.0000
21.3000	1252.1838	9.8574	18377.7355	6299.5206	0.0000	0.0693	677.8189	22541.5000	8000.0000	0.0000	24476.0000	7000.0000	0.0000	0.7775	6.5517	-0.0000	6154.8524	1.6292	0.0000	1.8735	0.0000
21.4000	1253.4362	10.2504	18501.7371	6317.3395	0.0000	0.0678	676.8023	22506.5000	8000.0000	0.0000	24436.0000	7000.0000	0.0000	0.9667	6.5613	-0.0000	5989.9015	2.0423	0.0000	2.1860	0.0000
21.5000	1254.5734	10.6349	18625.8632	6335.1402	0.0000	0.0663	675.7894	22471.5000	8000.0000	0.0000	24396.0000	7000.0000	0.0000	1.1454	6.5718	-0.0000	5824.8281	2.4417	0.0000	2.4872	0.0000
21.6000	1255.5705	11.0107	18750.0990	6352.9319	0.0000	0.0647	674.7804	22436.5000	8000.0000	0.0000	24356.0000	7000.0000	0.0000	1.3158	6.5831	-0.0000	5659.6454	2.8273	0.0000	2.7778	0.0000
21.7000	1256.4337	11.3776	18874.4295	6370.7231	0.0000	0.0632	673.7750	22401.5000	8000.0000	0.0000	24316.0000	7000.0000	0.0000	1.4789	6.5953	-0.0000	5494.3677	3.1993	0.0000	3.0582	0.0000
21.8000	1257.1972	11.7357	18998.8412	6388.5220	0.0000	0.0616	672.7734	22366.5000	8000.0000	0.0000	24276.0000	7000.0000	0.0000	1.6362	6.6082	-0.0000	5329.0076	3.5580	0.0000	3.3279	0.0000
21.9000	1257.8730	12.0849	19123.3237	6406.3370	0.0000	0.0601	671.7756	22331.5000	8000.0000	0.0000	24236.0000	7000.0000	0.0000	1.7863	6.6219	-0.0000	5163.5747	3.9035	0.0000	3.5871	0.0000
22.0000	1258.4636	12.4252	19247.8672	6424.1760	0.0000	0.0585	670.7815	22296.5000	8000.0000	0.0000	24196.0000	7000.0000	0.0000	1.9293	6.6363	-0.0000	4998.0779	4.2359	0.0000	3.8363	0.0000
22.1000	1258.9712	12.7566	19372.4620	6442.0467	0.0000	0.0570	669.7912	22261.5000	8000.0000	0.0000	24156.0000	7000.0000	0.0000	2.0655	6.6514	-0.0000	4832.5259	4.5556	0.0000	4.0756	0.0000
22.2000	1259.3983	13.0793	19497.0988	6459.9561	0.0000	0.0555	668.8046	22226.5000	8000.0000	0.0000	24116.0000	7000.0000	0.0000	2.1950	6.6672	-0.0000	4666.9272	4.8627	0.0000	4.3054	0.0000
22.3000	1259.7464	13.3933	19621.7687	6477.9111	0.0000	0.0540	667.8217	22191.5000	8000.0000	0.0000	24076.0000	7000.0000	0.0000	2.3179	6.6836	-0.0000	4501.2900	5.1576	0.0000	4.5260	0.0000
22.4000	1260.0143	13.6988	19746.4626	6495.9180	0.0000	0.0525	666.8427	22156.5000	8000.0000	0.0000	24036.0000	7000.0000	0.0000	2.4343	6.7006	-0.0000	4335.6224	5.4406	0.0000	4.7379	0.0000
22.5000	1260.2044	13.9961	19871.1716	6513.9828	0.0000	0.0511	665.8673	22121.5000	8000.0000	0.0000	23996.0000	7000.0000	0.0000	2.5448	6.7182	-0.0000	4169.9326	5.7123	0.0000	4.9415	0.0000
22.6000	1260.3195	14.2855	19995.8872	6532.1109	0.0000	0.0498	664.8957	22086.5000	8000.0000	0.0000	23956.0000	7000.0000	0.0000	2.6495	6.7364	-0.0000	4004.2286	5.9730	0.0000	5.1372	0.0000
22.7000	1260.3623	14.5673	20120.6011	6550.3078	0.0000	0.0485	663.9279	22051.5000	8000.0000	0.0000	23916.0000	7000.0000	0.0000	2.7489	6.7552	-0.0000	3838.5178	6.2233	0.0000	5.3255	0.0000
22.8000	1260.3355	14.8421	20245.3054	6568.5783	0.0000	0.0473	662.9638	22016.5000	8000.0000	0.0000	23876.0000	7000.0000	0.0000	2.8432	6.7745	-0.0000	3672.8076	6.4638	0.0000	5.5069	0.0000
22.9000	1260.2417	15.1101	20369.9924	6586.9270	0.0000	0.0462	662.0035	21981.5000	8000.0000	0.0000	23836.0000	7000.0000	0.0000	2.9328	6.7943	-0.0000	3507.1051	6.6951	0.0000	5.6819	0.0000
23.0000	1260.0834	15.3721	20494.6548	6605.3585	0.0000	0.0452	661.0469	21946.5000	8000.0000	0.0000	23796.0000	7000.0000	0.0000	3.0180	6.8147	-0.0000	3341.4170	6.9177	0.0000	5.8513	0.0000
23.1000	1259.8630	15.6285	20619.2854	6623.8768	0.0000	0.0443	660.0940	21911.5000	8000.0000	0.0000	23756.0000	7000.0000	0.0000	3.0990	6.8356	-0.0000	3175.7499	7.1324	0.0000	6.0155	0.0000
23.2000	1259.5828	15.8800	20743.8775	6642.4859	0.0000	0.0435	659.1450	21876.5000	8000.0000	0.0000	23716.0000	7000.0000	0.0000	3.1764	6.8569	-0.0000	3010.1100	7.3400	0.0000	6.1753	0.0000
23.3000	1259.2448	16.1272	20868.4245	6661.1894	0.0000	0.0428	658.1996	21841.5000	8000.0000	0.0000	23676.0000	7000.0000	0.0000	3.2503	6.8788	-0.0000	2844.5035	7.5411	0.0000	6.3316	0.0000
23.4000	1258.8511	16.3710	20992.9200	6679.9909	0.0000	0.0423	657.2580	21806.5000	8000.0000	0.0000	23636.0000	7000.0000	0.0000	3.3213	6.9012	-0.0000	2678.9363	7.7367	0.0000	6.4852	0.0000
23.5000	1258.4033	16.6122	21117.3579	6698.8938	0.0000	0.0419	656.3202	21771.5000	8000.0000	0.0000	23596.0000	7000.0000	0.0000	3.3898	6.9241	-0.0000	2513.4139	7.9278	0.0000	6.6373	0.0000
23.6000	1257.9096	16.8518	21241.7322	6717.9012	0.0000	0.0418	655.3861	21736.5000	8000.0000	0.0000	23556.0000	7000.0000	0.0000	3.4588	6.9474	-0.0000	2347.9419	8.1153	0.0000	6.7884	0.0000
23.7000	1257.3920	17.0910	21366.0389	6737.0168	0.0000	0.0417	654.4558	21701.5000	8000.0000	0.0000	23516.0000	7000.0000	0.0000	3.5279	6.9714	-0.0000	2182.5242	8.3002	0.0000	6.9377	0.0000
23.8000	1256.8524	17.3305	21490.2749	6756.2443	0.0000	0.0419	653.5292	21666.5000	8000.0000	0.0000	23476.0000	7000.0000	0.0000	3.5956	6.9958	-0.0000	2017.1631	8.4834	0.0000	7.0868	0.0000
23.9000	1256.2909	17.5710	21614.4373	6775.5876	0.0000	0.0421	652.6063	21631.5000	8000.0000	0.0000	23436.0000	7000.0000	0.0000	3.6626	7.0208	-0.0000	1851.8610	8.6656	0.0000	7.2371	0.0000
24.0000	1255.7076	17.8135	21738.5233	6795.0503	0.0000	0.0426	651.6873	21596.5000	8000.0000	0.0000	23396.0000	7000.0000	0.0000	3.7290	7.0463	-0.0000	1686.6204	8.8478	0.0000	7.3902	0.0000
24.1000	1255.1025	18.0592	21862.5298	6814.6361	0.0000	0.0433	650.7719	21561.5000	8000.0000	0.0000	23356.0000	7000.0000	0.0000	3.7956	7.0725	-0.0000	1521.4437	9.0311	0.0000	7.5483	0.0000
24.2000	1254.4756	18.3099	21986.4540	6834.3487	0.0000	0.0444	649.8603	21526.5000	8000.0000	0.0000	23316.0000	7000.0000	0.0000	3.8629	7.0993	-0.0000	1356.3331	9.2173	0.0000	7.7148	0.0000
24.3000	1253.8265	18.5679	22110.2928	6854.1917	0.0000	0.0460	648.9525	21491.5000	8000.0000	0.0000	23276.0000	7000.0000	0.0000	3.9320	7.1268	-0.0000	1191.2911	9.4086	0.0000	7.8948	0.0000
24.4000	1253.1546	18.8371	22234.0433	6874.1690	0.0000	0.0484	648.0484	21456.5000	8000.0000	0.0000	23236.0000	7000.0000	0.0000	4.0045	7.1551	-0.0000	1026.3202	9.6085	0.0000	8.0971	0.0000
24.5000	1252.4590	19.1232	22357.7022	6894.2847	0.0000	0.0522	647.1481	21421.5000	8000.0000	0.0000	23196.0000	7000.0000	0.0000	4.0830	7.1845	-0.0000	861.4228	9.8225	0.0000	8.3386	0.0000
24.6000	1251.7377	19.4365	22481.2662	6914.5430	0.0000	0.0584	646.2515	21386.5000	8000.0000	0.0000	23156.0000	7000.0000	0.0000	4.1720	7.2151	-0.0000	696.6018	10.0598	0.0000	8.6550	0.0000
24.7000	1250.9874	19.7965	22604.7315	6934.9490	0.0000	0.0696	645.3586	21351.5000	8000.0000	0.0000	23116.0000	7000.0000	0.0000	4.2810	7.2476	-0.0000	531.8600	10.3384	0.0000	9.1392	0.0000
24.8000	1250.2007	20.2484	22728.0936	6955.5092	0.0000	0.0941	644.4696	21316.5000	8000.0000	0.0000	23076.0000	7000.0000	0.0000	4.4349	7.2836	-0.0000	367.2009	10.6983	0.0000	10.1157	0.0000
24.9000	1249.3571	20.9360	22851.3461	6976.2334	0.0000	0.1709	643.5842	21281.5000	8000.0000	0.0000	23036.0000	7000.0000	0.0000	4.7417	7.3285	-0.0000	202.6292	11.2620	0.0000	13.5920	0.0000
25.0000	1248.3400	22.8141	22974.4749	6997.1480	0.0000	0.6386	642.7026	21246.5000	8000.0000	0.0000	22996.0000	7000.0000	0.0000	5.8016	7.4603	-0.0000	38.1544	12.7907	0.0000	30.0000	0.0000
25.0100	1248.2206	23.1800	22986.7796	6999.2526	0.0000	0.6972	642.6147	21243.0000	8000.0000	0.0000	22992.0000	7000.0000	0.0000	5.9147	7.5474	-0.0000	21.7132	13.1080	0.0000	30.0000	0.0000
