0	350.966	45.0000	2.4749	2.4749	0.0000	0.0000	979.8183	29996.5000	8000.0000	0.0000	32996.0000	7000.0000	0.0000	-0.0000	45.0000	-0.0000	30000.0000	-0.0000	0.0000	0.0000	0.0000
0.1000	360.5789	45.0003	27.6252	27.5713	0.0000	0.0002	978.0029	29961.5000	8000.0000	0.0000	32956.0000	7000.0000	0.0000	0.0477	45.0001	-0.0000	29964.5664	0.1104	0.0000	0.1608	0.0000
0.2000	370.1084	45.0022	53.5012	53.2961	0.0000	0.0005	976.1913	29926.5000	8000.0000	0.0000	32916.0000	7000.0000	0.0000	0.0934	45.0003	-0.0000	29928.1745	0.2157	0.0000	0.2961	0.0000
0.3000	379.5542	45.0062	80.0964	79.6435	0.0000	0.0010	974.3835	29891.5000	8000.0000	0.0000	32876.0000	7000.0000	0.0000	0.1376	45.0006	-0.0000	29890.8329	0.3172	0.0000	0.4178	0.0000
0.4000	388.9280	45.0128	107.4049	106.6084	0.0000	0.0014	972.5794	29856.5000	8000.0000	0.0000	32836.0000	7000.0000	0.0000	0.1808	45.0010	-0.0000	29852.5496	0.4156	0.0000	0.5322	0.0000
0.5000	398.2305	45.0219	135.4210	134.1861	0.0000	0.0018	970.7791	29821.5000	8000.0000	0.0000	32796.0000	7000.0000	0.0000	0.2231	45.0016	-0.0000	29813.3319	0.5111	0.0000	0.6428	0.0000
0.6000	407.4609	45.0333	164.1392	162.3720	0.0000	0.0022	968.9825	29786.5000	8000.0000	0.0000	32756.0000	7000.0000	0.0000	0.2645	45.0023	-0.0000	29773.1869	0.6041	0.0000	0.7516	0.0000
0.7000	416.6180	45.0469	193.5535	191.1617	0.0000	0.0026	967.1896	29751.5000	8000.0000	0.0000	32716.0000	7000.0000	0.0000	0.3047	45.0032	-0.0000	29732.1221	0.6945	0.0000	0.8536	0.0000
0.8000	425.7006	45.0624	223.6581	220.5503	0.0000	0.0029	965.4006	29716.5000	8000.0000	0.0000	32676.0000	7000.0000	0.0000	0.3438	45.0041	-0.0000	29690.1449	0.7825	0.0000	0.9528	0.0000
0.9000	434.7076	45.0796	254.4471	250.5332	0.0000	0.0031	963.6152	29681.5000	8000.0000	0.0000	32636.0000	7000.0000	0.0000	0.3821	45.0052	-0.0000	29647.2628	0.8680	0.0000	1.0498	0.0000
1.0000	443.6381	45.0982	285.9142	281.1058	0.0000	0.0034	961.8336	29646.5000	8000.0000	0.0000	32596.0000	7000.0000	0.0000	0.4194	45.0065	-0.0000	29603.4835	0.9510	0.0000	1.1444	0.0000
1.1000	452.4912	45.1181	318.0534	312.2632	0.0000	0.0036	960.0558	29611.5000	8000.0000	0.0000	32556.0000	7000.0000	0.0000	0.4557	45.0078	-0.0000	29558.8146	1.0316	0.0000	1.2372	0.0000
1.2000	461.2661	45.1390	350.8584	344.0007	0.0000	0.0038	958.2817	29576.5000	8000.0000	0.0000	32516.0000	7000.0000	0.0000	0.4911	45.0093	-0.0000	29513.2641	1.1098	0.0000	1.3283	0.0000
1.3000	469.9618	45.1610	384.3227	376.3135	0.0000	0.0039	956.5114	29541.5000	8000.0000	0.0000	32476.0000	7000.0000	0.0000	0.5255	45.0108	-0.0000	29466.8397	1.1857	0.0000	1.4173	0.0000
1.4000	478.5778	45.1837	418.4401	409.1966	0.0000	0.0040	954.7448	29506.5000	8000.0000	0.0000	32436.0000	7000.0000	0.0000	0.5591	45.0126	-0.0000	29419.5495	1.2592	0.0000	1.5043	0.0000
1.5000	487.1134	45.2072	453.2039	442.6454	0.0000	0.0042	952.9819	29471.5000	8000.0000	0.0000	32396.0000	7000.0000	0.0000	0.5917	45.0144	-0.0000	29371.4015	1.3306	0.0000	1.5892	0.0000
1.6000	495.5678	45.2313	488.6077	476.6548	0.0000	0.0043	951.2229	29436.5000	8000.0000	0.0000	32356.0000	7000.0000	0.0000	0.6234	45.0163	-0.0000	29322.4037	1.3997	0.0000	1.6721	0.0000
1.7000	503.9406	45.2560	524.6449	511.2199	0.0000	0.0043	949.4675	29401.5000	8000.0000	0.0000	32316.0000	7000.0000	0.0000	0.6543	45.0184	-0.0000	29272.5644	1.4667	0.0000	1.7531	0.0000
1.8000	512.2336	45.2811	561.3089	546.3358	0.0000	0.0044	947.7159	29366.5000	8000.0000	0.0000	32276.0000	7000.0000	0.0000	0.6845	45.0205	-0.0000	29221.8916	1.5317	0.0000	1.8248	0.0000
1.9000	520.4589	45.3066	598.5936	581.9981	0.0000	0.0045	945.9681	29331.5000	8000.0000	0.0000	32236.0000	7000.0000	0.0000	0.7141	45.0228	-0.0000	29170.3930	1.5946	0.0000	1.8858	0.0000
2.0000	528.6190	45.3324	636.4934	618.2030	0.0000	0.0045	944.2240	29296.5000	8000.0000	0.0000	32196.0000	7000.0000	0.0000	0.7429	45.0252	-0.0000	29118.0752	1.6556	0.0000	1.9438	0.0000
2.1000	536.7144	45.3586	675.0028	654.9468	0.0000	0.0046	942.4837	29261.5000	8000.0000	0.0000	32156.0000	7000.0000	0.0000	0.7710	45.0277	-0.0000	29064.9446	1.7147	0.0000	1.9992	0.0000
2.2000	544.7459	45.3850	714.1166	692.2257	0.0000	0.0046	940.7471	29226.5000	8000.0000	0.0000	32116.0000	7000.0000	0.0000	0.7984	45.0303	-0.0000	29011.0077	1.7719	0.0000	2.0520	0.0000
2.3000	552.7141	45.4117	753.8293	730.0362	0.0000	0.0047	939.0142	29191.5000	8000.0000	0.0000	32076.0000	7000.0000	0.0000	0.8251	45.0330	-0.0000	28956.2709	1.8273	0.0000	2.1024	0.0000
2.4000	560.6199	45.4385	794.1356	768.3748	0.0000	0.0047	937.2852	29156.5000	8000.0000	0.0000	32036.0000	7000.0000	0.0000	0.8511	45.0358	-0.0000	28900.7405	1.8810	0.0000	2.1504	0.0000
2.5000	568.4639	45.4655	835.0302	807.2378	0.0000	0.0047	935.5598	29121.5000	8000.0000	0.0000	31996.0000	7000.0000	0.0000	0.8764	45.0387	-0.0000	28844.4227	1.9331	0.0000	2.1962	0.0000
2.6000	576.2471	45.4927	876.5080	846.6219	0.0000	0.0047	933.8382	29086.5000	8000.0000	0.0000	31956.0000	7000.0000	0.0000	0.9011	45.0418	-0.0000	28787.3236	1.9834	0.0000	2.2398	0.0000
2.7000	583.9691	45.5198	918.5638	886.5236	0.0000	0.0048	932.1204	29051.5000	8000.0000	0.0000	31916.0000	7000.0000	0.0000	0.9250	45.0449	-0.0000	28729.4493	2.0322	0.0000	2.2813	0.0000
2.8000	591.6282	45.5471	961.1923	926.9394	0.0000	0.0048	930.4063	29016.5000	8000.0000	0.0000	31876.0000	7000.0000	0.0000	0.9483	45.0481	-0.0000	28670.8059	2.0795	0.0000	2.3208	0.0000
2.9000	599.2250	45.5744	1004.3883	967.8659	0.0000	0.0048	928.6960	28981.5000	8000.0000	0.0000	31836.0000	7000.0000	0.0000	0.9709	45.0514	-0.0000	28611.3997	2.1252	0.0000	2.3585	0.0000
3.0000	606.7604	45.6017	1048.1465	1009.2994	0.0000	0.0048	926.9894	28946.5000	8000.0000	0.0000	31796.0000	7000.0000	0.0000	0.9930	45.0548	-0.0000	28551.2369	2.1695	0.0000	2.3940	0.0000
3.1000	614.2711	44.3352	1092.4730	1051.2264	0.0000	-0.4138	925.2865	28911.5000	8000.0000	0.0000	31756.0000	7000.0000	0.0000	0.3246	12.4684	-0.0000	28499.1298	1.1749	0.0000	-19.6268	0.0000
3.2000	621.7685	41.5997	1137.3914	1093.6206	0.0000	-0.5229	923.5875	28876.5000	8000.0000	0.0000	31716.0000	7000.0000	0.0000	-0.7913	12.4198	-0.0000	28412.0224	-1.4068	0.0000	-15.1845	0.0000
3.3000	629.0334	38.5716	1182.9330	1136.4349	0.0000	-0.5257	921.8921	28841.5000	8000.0000	0.0000	31676.0000	7000.0000	0.0000	-2.0728	12.3703	-0.0000	28324.2384	-4.2911	0.0000	-15.2445	0.0000
3.4000	635.9535	35.6256	1229.1223	1179.5976	0.0000	-0.4973	920.2005	28806.5000	8000.0000	0.0000	31636.0000	7000.0000	0.0000	-3.2910	12.3201	-0.0000	28235.7693	-7.0540	0.0000	-16.4938	0.0000
3.5000	642.5563	32.8691	1275.9795	1223.0360	0.0000	-0.4607	918.5127	28771.5000	8000.0000	0.0000	31596.0000	7000.0000	0.0000	-4.4027	12.2692	-0.0000	28146.6110	-9.5792	0.0000	-17.9588	0.0000
3.6000	648.9497	30.3262	1323.5270	1266.6856	0.0000	-0.4233	916.8286	28736.5000	8000.0000	0.0000	31556.0000	7000.0000	0.0000	-5.3994	12.2180	-0.0000	28056.7568	-11.8433	0.0000	-19.3457	0.0000
3.7000	655.1305	27.9941	1371.7868	1310.4891	0.0000	-0.3875	915.1483	28701.5000	8000.0000	0.0000	31516.0000	7000.0000	0.0000	-6.2761	12.1664	-0.0000	27966.1972	-13.8539	0.0000	-20.5721	0.0000
3.8000	661.0960	25.8617	1420.7756	1354.3926	0.0000	-0.3539	913.4717	28666.5000	8000.0000	0.0000	31476.0000	7000.0000	0.0000	-7.0415	12.1145	-0.0000	27874.9270	-15.6279	0.0000	-21.6251	0.0000
3.9000	666.8498	23.9158	1470.5056	1398.3462	0.0000	-0.3226	911.7988	28631.5000	8000.0000	0.0000	31436.0000	7000.0000	0.0000	-7.7057	12.0625	-0.0000	27782.9445	-17.1837	0.0000	-22.5128	0.0000
4.0000	672.4007	22.1431	1520.9852	1442.3037	0.0000	-0.2936	910.1298	28596.5000	8000.0000	0.0000	31396.0000	7000.0000	0.0000	-8.2783	12.0105	-0.0000	27690.2507	-18.5397	0.0000	-23.2488	0.0000
4.1000	677.7607	20.5307	1572.2199	1486.2231	0.0000	-0.2669	908.4644	28561.5000	8000.0000	0.0000	31356.0000	7000.0000	0.0000	-8.7688	11.9585	-0.0000	27596.8487	-19.7129	0.0000	-23.8472	0.0000
4.2000	682.9440	19.0662	1624.2126	1530.0659	0.0000	-0.2422	906.8028	28526.5000	8000.0000	0.0000	31316.0000	7000.0000	0.0000	-9.1858	11.9067	-0.0000	27502.7432	-20.7195	0.0000	-24.3216	0.0000
4.3000	687.9663	17.7381	1676.9642	1573.7976	0.0000	-0.2195	905.1450	28491.5000	8000.0000	0.0000	31276.0000	7000.0000	0.0000	-9.5371	11.8550	-0.0000	27407.9397	-21.5745	0.0000	-24.6844	0.0000
4.4000	692.8437	16.5354	1730.4742	1617.3869	0.0000	-0.1986	903.4909	28456.5000	8000.0000	0.0000	31236.0000	7000.0000	0.0000	-9.8296	11.8036	-0.0000	27312.4447	-22.2916	0.0000	-24.9470	0.0000
4.5000	697.5925	15.4480	1784.7407	1660.8061	0.0000	-0.1794	901.8406	28421.5000	8000.0000	0.0000	31196.0000	7000.0000	0.0000	-10.0698	11.7525	-0.0000	27216.2651	-22.8836	0.0000	-25.1198	0.0000
4.6000	702.2285	14.4662	1839.7612	1704.0305	0.0000	-0.1618	900.1940	28386.5000	8000.0000	0.0000	31156.0000	7000.0000	0.0000	-10.2631	11.7018	-0.0000	27119.4078	-23.3624	0.0000	-25.2181	0.0000
4.7000	706.7672	13.5813	1895.5321	1747.0380	0.0000	-0.1457	898.5511	28351.5000	8000.0000	0.0000	31116.0000	7000.0000	0.0000	-10.4145	11.6514	-0.0000	27021.8799	-23.7387	0.0000	-25.2692	0.0000
4.8000	711.2229	12.7850	1952.0497	1789.8095	0.0000	-0.1310	896.9121	28316.5000	8000.0000	0.0000	31076.0000	7000.0000	0.0000	-10.5286	11.6015	-0.0000	26923.6883	-24.0226	0.0000	-25.2559	0.0000
4.9000	715.6093	12.0698	2009.3097	1832.3280	0.0000	-0.1175	895.2767	28281.5000	8000.0000	0.0000	31036.0000	7000.0000	0.0000	-10.6094	11.5521	-0.0000	26824.8398	-24.2230	0.0000	-25.1850	0.0000
5.0000	719.9386	11.4285	2067.3076	1874.5791	0.0000	-0.1053	893.6451	28246.5000	8000.0000	0.0000	30996.0000	7000.0000	0.0000	-10.6605	11.5032	-0.0000	26725.3409	-24.3486	0.0000	-25.0627	0.0000
5.1000	724.2222	10.8546	2126.0389	1916.5501	0.0000	-0.0941	892.0173	28211.5000	8000.0000	0.0000	30956.0000	7000.0000	0.0000	-10.6851	11.4548	-0.0000	26625.1979	-24.4070	0.0000	-24.8948	0.0000
5.2000	728.4704	10.3421	2185.4987	1958.2302	0.0000	-0.0839	890.3932	28176.5000	8000.0000	0.0000	30916.0000	7000.0000	0.0000	-10.6861	11.4070	-0.0000	26524.4167	-24.4053	0.0000	-24.6864	0.0000
5.3000	732.6923	9.8854	2245.6825	1999.6103	0.0000	-0.0747	888.7729	28141.5000	8000.0000	0.0000	30876.0000	7000.0000	0.0000	-10.6660	11.3598	-0.0000	26423.0028	-24.3499	0.0000	-24.4425	0.0000
5.4000	736.8960	9.4795	2306.5854	2040.6828	0.0000	-0.0663	887.1563	28106.5000	8000.0000	0.0000	30836.0000	7000.0000	0.0000	-10.6271	11.3131	-0.0000	26320.9615	-24.2469	0.0000	-24.1673	0.0000
5.5000	741.0887	9.1197	2368.2027	2081.4416	0.0000	-0.0587	885.5434	28071.5000	8000.0000	0.0000	30796.0000	7000.0000	0.0000	-10.5714	11.2671	-0.0000	26218.2979	-24.1014	0.0000	-23.8650	0.0000
5.6000	745.2766	8.8017	2430.5299	2121.8815	0.0000	-0.0517	883.9344	28036.5000	8000.0000	0.0000	30756.0000	7000.0000	0.0000	-10.5008	11.2217	-0.0000	26115.0166	-23.9186	0.0000	-23.5389	0.0000
5.7000	749.4651	8.5217	2493.5622	2161.9986	0.0000	-0.0455	882.3290	28001.5000	8000.0000	0.0000	30716.0000	7000.0000	0.0000	-10.4170	11.1770	-0.0000	26011.1220	-23.7027	0.0000	-23.1925	0.0000
5.8000	753.6587	8.2761	2557.2953	2201.7900	0.0000	-0.0398	880.7274	27966.5000	8000.0000	0.0000	30676.0000	7000.0000	0.0000	-10.3214	11.1329	-0.0000	25906.6183	-23.4578	0.0000	-22.8287	0.0000
5.9000	757.8612	8.0616	2621.7245	2241.2537	0.0000	-0.0346	879.1296	27931.5000	8000.0000	0.0000	30636.0000	7000.0000	0.0000	-10.2154	11.0894	-0.0000	25801.5095	-23.1876	0.0000	-22.4501	0.0000
6.0000	762.0759	7.8755	2686.8455	2280.3884	0.0000	-0.0300	877.5355	27896.5000	8000.0000	0.0000	30596.0000	7000.0000	0.0000	-10.1003	11.0466	-0.0000	25695.7993	-22.8953	0.0000	-22.0592	0.0000
6.1000	766.3053	7.7149	2752.6539	2319.1936	0.0000	-0.0257	875.9452	27861.5000	8000.0000	0.0000	30556.0000	7000.0000	0.0000	-9.9773	11.0045	-0.0000	25589.4912	-22.5840	0.0000	-21.6593	0.0000
6.2000	770.5513	7.5773	2819.1454	2357.6693	0.0000	-0.0220	874.3586	27826.5000	8000.0000	0.0000	30516.0000	7000.0000	0.0000	-9.8474	10.9630	-0.0000	25482.5887	-22.2565	0.0000	-21.2509	0.0000
6.3000	774.8154	7.4606	2886.3158	2395.8161	0.0000	-0.0185	872.7757	27791.5000	8000.0000	0.0000	30476.0000	7000.0000	0.0000	-9.7114	10.9222	-0.0000	25375.0949	-21.9152	0.0000	-20.8359	0.0000
6.4000	779.0989	7.3626	2954.1609	2433.6353	0.0000	-0.0154	871.1967	27756.5000	8000.0000	0.0000	30436.0000	7000.0000	0.0000	-9.5701	10.8821	-0.0000	25267.0131	-21.5623	0.0000	-20.4161	0.0000
6.5000	783.4024	7.2817	3022.6765	2471.1282	0.0000	-0.0126	869.6213	27721.5000	8000.0000	0.0000	30396.0000	7000.0000	0.0000	-9.4243	10.8427	-0.0000	25158.3462	-21.1998	0.0000	-19.9928	0.0000
6.6000	787.7265	7.2162	3091.8584	2508.2971	0.0000	-0.0101	868.0497	27686.5000	8000.0000	0.0000	30356.0000	7000.0000	0.0000	-9.2746	10.8039	-0.0000	25049.0971	-20.8293	0.0000	-19.5674	0.0000
6.7000	792.0711	7.1647	3161.7027	2545.1440	0.0000	-0.0077	866.4819	27651.5000	8000.0000	0.0000	30316.0000	7000.0000	0.0000	-9.1217	10.7658	-0.0000	24939.2688	-20.4526	0.0000	-19.1409	0.0000
6.8000	796.4362	7.1257	3232.2051	2581.6718	0.0000	-0.0057	864.9178	27616.5000	8000.0000	0.0000	30276.0000	7000.0000	0.0000	-8.9660	10.7284	-0.0000	24828.8640	-20.0709	0.0000	-18.7145	0.0000
6.9000	800.8214	7.0982	3303.3616	2617.8832	0.0000	-0.0038	863.3575	27581.5000	8000.0000	0.0000	30236.0000	7000.0000	0.0000	-8.8082	10.6916	-0.0000	24717.8854	-19.6855	0.0000	-18.2888	0.0000
7.0000	805.2263	7.0811	3375.1683	2653.7816	0.0000	-0.0021	861.8009	27546.5000	8000.0000	0.0000	30196.0000	7000.0000	0.0000	-8.6485	10.6555	-0.0000	24606.3358	-19.2976	0.0000	-17.8648	0.0000
7.1000	809.6502	7.0734	3447.6210	2689.3701	0.0000	-0.0005	860.2480	27511.5000	8000.0000	0.0000	30156.0000	7000.0000	0.0000	-8.4875	10.6201	-0.0000	24494.2178	-18.9080	0.0000	-17.4431	0.0000
7.2000	814.0923	7.0741	3520.7158	2724.6525	0.0000	0.0009	858.6990	27476.5000	8000.0000	0.0000	30116.0000	7000.0000	0.0000	-8.3255	10.5853	-0.0000	24381.5340	-18.5178	0.0000	-17.0244	0.0000
7.3000	818.5515	7.0826	3594.4486	2759.6324	0.0000	0.0022	857.1536	27441.5000	8000.0000	0.0000	30076.0000	7000.0000	0.0000	-8.1629	10.5512	-0.0000	24268.2870	-18.1276	0.0000	-16.6091	0.0000
7.4000	823.0271	7.0981	3668.8156	2794.3137	0.0000	0.0033	855.6120	27406.5000	8000.0000	0.0000	30036.0000	7000.0000	0.0000	-7.9998	10.5177	-0.0000	24154.4795	-17.7382	0.0000	-16.1977	0.0000
7.5000	827.5179	7.1199	3743.8125	2828.7005	0.0000	0.0044	854.0742	27371.5000	8000.0000	0.0000	29996.0000	7000.0000	0.0000	-7.8358	10.4849	-0.0000	24040.1141	-17.3502	0.0000	-15.7717	0.0000
7.6000	832.0230	7.1474	3819.4356	2862.7969	0.0000	0.0053	852.5401	27336.5000	8000.0000	0.0000	29956.0000	7000.0000	0.0000	-7.6718	10.4527	-0.0000	23925.1933	-16.9642	0.0000	-15.3467	0.0000
7.7000	836.5413	7.1802	3895.6807	2896.6073	0.0000	0.0062	851.0098	27301.5000	8000.0000	0.0000	29916.0000	7000.0000	0.0000	-7.5081	10.4212	-0.0000	23809.7197	-16.5806	0.0000	-14.9278	0.0000
7.8000	841.0715	7.2177	3972.5439	2930.1360	0.0000	0.0070	849.4832	27266.5000	8000.0000	0.0000	29876.0000	7000.0000	0.0000	-7.3451	10.3903	-0.0000	23693.6960	-16.1999	0.0000	-14.5152	0.0000
7.9000	845.6123	7.2594	4050.0211	2963.3876	0.0000	0.0077	847.9603	27231.5000	8000.0000	0.0000	29836.0000	7000.0000	0.0000	-7.1829	10.3600	-0.0000	23577.1247	-15.8224	0.0000	-14.1090	0.0000
8.0000	850.1624	7.3051	4128.1085	2996.3666	0.0000	0.0083	846.4413	27196.5000	8000.0000	0.0000	29796.0000	7000.0000	0.0000	-7.0216	10.3303	-0.0000	23460.0084	-15.4485	0.0000	-13.7096	0.0000
8.1000	854.7206	7.3543	4206.8018	3029.0775	0.0000	0.0089	844.9259	27161.5000	8000.0000	0.0000	29756.0000	7000.0000	0.0000	-6.8615	10.3013	-0.0000	23342.3498	-15.0784	0.0000	-13.3169	0.0000
8.2000	859.2856	7.4067	4286.0973	3061.5249	0.0000	0.0094	843.4143	27126.5000	8000.0000	0.0000	29716.0000	7000.0000	0.0000	-6.7025	10.2729	-0.0000	23224.1516	-14.7124	0.0000	-12.9311	0.0000
8.3000	863.8561	7.4620	4365.9908	3093.7134	0.0000	0.0099	841.9065	27091.5000	8000.0000	0.0000	29676.0000	7000.0000	0.0000	-6.5449	10.2450	-0.0000	23105.4162	-14.3505	0.0000	-12.5523	0.0000
8.4000	868.4309	7.5199	4446.4785	3125.6478	0.0000	0.0104	840.4024	27056.5000	8000.0000	0.0000	29636.0000	7000.0000	0.0000	-6.3886	10.2178	-0.0000	22986.1465	-13.9931	0.0000	-12.1805	0.0000
8.5000	873.0087	7.5803	4527.5562	3157.3327	0.0000	0.0108	838.9021	27021.5000	8000.0000	0.0000	29596.0000	7000.0000	0.0000	-6.2339	10.1912	-0.0000	22866.3451	-13.6402	0.0000	-11.8158	0.0000
8.6000	877.5884	7.6428	4609.2200	3188.7727	0.0000	0.0111	837.4055	26986.5000	8000.0000	0.0000	29556.0000	7000.0000	0.0000	-6.0807	10.1652	-0.0000	22746.0147	-13.2919	0.0000	-11.4581	0.0000
8.7000	882.1687	7.7074	4691.4659	3219.9725	0.0000	0.0115	835.9126	26951.5000	8000.0000	0.0000	29516.0000	7000.0000	0.0000	-5.9292	10.1397	-0.0000	22625.1580	-12.9483	0.0000	-11.1074	0.0000
8.8000	886.7485	7.7738	4774.2899	3250.9368	0.0000	0.0118	834.4236	26916.5000	8000.0000	0.0000	29476.0000	7000.0000	0.0000	-5.7793	10.1148	-0.0000	22503.7778	-12.6095	0.0000	-10.7638	0.0000
8.9000	891.3267	7.8419	4857.6880	3281.6703	0.0000	0.0120	832.9382	26881.5000	8000.0000	0.0000	29436.0000	7000.0000	0.0000	-5.6312	10.0905	-0.0000	22381.8767	-12.2755	0.0000	-10.4272	0.0000
9.0000	895.9023	7.9115	4941.6563	3312.1776	0.0000	0.0123	831.4566	26846.5000	8000.0000	0.0000	29396.0000	7000.0000	0.0000	-5.4848	10.0668	-0.0000	22259.4575	-11.9464	0.0000	-10.0975	0.0000
9.1000	900.4740	7.9825	5026.1908	3342.4634	0.0000	0.0125	829.9788	26811.5000	8000.0000	0.0000	29356.0000	7000.0000	0.0000	-5.3402	10.0436	-0.0000	22136.5230	-11.6221	0.0000	-9.7747	0.0000
9.2000	905.0411	8.0548	5111.2875	3372.5323	0.0000	0.0127	828.5047	26776.5000	8000.0000	0.0000	29316.0000	7000.0000	0.0000	-5.1975	10.0210	-0.0000	22013.0760	-11.3027	0.0000	-9.4587	0.0000
9.3000	909.6023	8.1282	5196.9425	3402.3889	0.0000	0.0129	827.0344	26741.5000	8000.0000	0.0000	29276.0000	7000.0000	0.0000	-5.0565	9.9989	-0.0000	21889.1192	-10.9882	0.0000	-9.1495	0.0000
9.4000	914.1569	8.2027	5283.1517	3432.0378	0.0000	0.0131	825.5678	26706.5000	8000.0000	0.0000	29236.0000	7000.0000	0.0000	-4.9175	9.9773	-0.0000	21764.6554	-10.6785	0.0000	-8.8469	0.0000
9.5000	918.7039	8.2782	5369.9113	3461.4836	0.0000	0.0133	824.1049	26671.5000	8000.0000	0.0000	29196.0000	7000.0000	0.0000	-4.7803	9.9563	-0.0000	21639.6876	-10.3737	0.0000	-8.5509	0.0000
9.6000	923.2424	8.3545	5457.2173	3490.7308	0.0000	0.0134	822.6459	26636.5000	8000.0000	0.0000	29156.0000	7000.0000	0.0000	-4.6449	9.9359	-0.0000	21514.2184	-10.0737	0.0000	-8.2613	0.0000
9.7000	927.7715	8.4317	5545.0658	3519.7839	0.0000	0.0135	821.1905	26601.5000	8000.0000	0.0000	29116.0000	7000.0000	0.0000	-4.5115	9.9159	-0.0000	21388.2506	-9.7785	0.0000	-7.9782	0.0000
9.8000	932.2906	8.5096	5633.4529	3548.6475	0.0000	0.0137	819.7389	26566.5000	8000.0000	0.0000	29076.0000	7000.0000	0.0000	-4.3799	9.8965	-0.0000	21261.7873	-9.4880	0.0000	-7.7014	0.0000
9.9000	936.7987	8.5881	5722.3746	3577.3259	0.0000	0.0138	818.2911	26531.5000	8000.0000	0.0000	29036.0000	7000.0000	0.0000	-4.2502	9.8776	-0.0000	21134.8311	-9.2022	0.0000	-7.4308	0.0000
10.0000	941.2952	8.6673	5811.8272	3605.8237	0.0000	0.0139	816.8470	26496.5000	8000.0000	0.0000	28996.0000	7000.0000	0.0000	-4.1224	9.8591	-0.0000	21007.3849	-8.9211	0.0000	-7.1662	0.0000
10.1000	945.7794	8.7470	5901.8066	3634.1453	0.0000	0.0140	815.4067	26461.5000	8000.0000	0.0000	28956.0000	7000.0000	0.0000	-3.9964	9.8412	-0.0000	20879.4516	-8.6446	0.0000	-6.9077	0.0000
10.2000	950.2505	8.8273	5992.3091	3662.2949	0.0000	0.0140	813.9701	26426.5000	8000.0000	0.0000	28916.0000	7000.0000	0.0000	-3.8724	9.8238	-0.0000	20751.0340	-8.3726	0.0000	-6.6550	0.0000
10.3000	954.7080	8.9079	6083.3307	3690.2769	0.0000	0.0141	812.5372	26391.5000	8000.0000	0.0000	28876.0000	7000.0000	0.0000	-3.7501	9.8069	-0.0000	20622.1350	-8.1051	0.0000	-6.4082	0.0000
10.4000	959.1571	8.9890	6174.8678	3718.0957	0.0000	0.0142	811.1082	26356.5000	8000.0000	0.0000	28836.0000	7000.0000	0.0000	-3.6321	9.7904	-0.0000	20492.7573	-7.8421	0.0000	-6.1670	0.0000
10.5000	963.6174	9.0704	6266.9182	3745.7557	0.0000	0.0142	809.6828	26321.5000	8000.0000	0.0000	28796.0000	7000.0000	0.0000	-3.5171	9.7744	-0.0000	20362.9025	-7.5832	0.0000	-5.9310	0.0000
10.6000	968.0895	9.1522	6359.4806	3773.2616	0.0000	0.0143	808.2612	26286.5000	8000.0000	0.0000	28756.0000	7000.0000	0.0000	-3.4036	9.7589	-0.0000	20232.5707	-7.3285	0.0000	-5.7003	0.0000
10.7000	972.5727	9.2342	6452.5541	3800.6181	0.0000	0.0143	806.8434	26251.5000	8000.0000	0.0000	28716.0000	7000.0000	0.0000	-3.2916	9.7439	-0.0000	20101.7620	-7.0778	0.0000	-5.4747	0.0000
10.8000	977.0653	9.3164	6546.1375	3827.8296	0.0000	0.0144	805.4293	26216.5000	8000.0000	0.0000	28676.0000	7000.0000	0.0000	-3.1814	9.7293	-0.0000	19970.4765	-6.8313	0.0000	-5.2595	0.0000
10.9000	981.5496	9.3985	6640.2291	3854.9006	0.0000	0.0143	804.0190	26181.5000	8000.0000	0.0000	28636.0000	7000.0000	0.0000	-3.0743	9.7152	-0.0000	19838.7150	-6.5890	0.0000	-5.0726	0.0000
11.0000	986.0169	9.4797	6734.8255	3881.8348	0.0000	0.0141	802.6124	26146.5000	8000.0000	0.0000	28596.0000	7000.0000	0.0000	-2.9690	9.7015	-0.0000	19706.4800	-6.3515	0.0000	-4.8867	0.0000
11.1000	990.4664	9.5600	6829.9231	3908.6356	0.0000	0.0139	801.2095	26111.5000	8000.0000	0.0000	28556.0000	7000.0000	0.0000	-2.8654	9.6883	-0.0000	19573.7741	-6.1190	0.0000	-4.7034	0.0000
11.2000	994.8973	9.6396	6925.5183	3935.3068	0.0000	0.0138	799.8105	26076.5000	8000.0000	0.0000	28516.0000	7000.0000	0.0000	-2.7635	9.6755	-0.0000	19440.6002	-5.8911	0.0000	-4.5231	0.0000
11.3000	999.3088	9.7186	7021.6076	3961.8517	0.0000	0.0138	798.4151	26041.5000	8000.0000	0.0000	28476.0000	7000.0000	0.0000	-2.6633	9.6632	-0.0000	19306.9612	-5.6676	0.0000	-4.3458	0.0000
11.4000	1003.7004	9.7974	7118.1871	3988.2740	0.0000	0.0137	797.0235	26006.5000	8000.0000	0.0000	28436.0000	7000.0000	0.0000	-2.5644	9.6513	-0.0000	19172.8599	-5.4481	0.0000	-4.1714	0.0000
11.5000	1008.0714	9.8762	7215.2534	4014.5769	0.0000	0.0137	795.6357	25971.5000	8000.0000	0.0000	28396.0000	7000.0000	0.0000	-2.4670	9.6399	-0.0000	19038.2994	-5.2323	0.0000	-3.9997	0.0000
11.6000	1012.4214	9.9550	7312.8026	4040.7641	0.0000	0.0138	794.2516	25936.5000	8000.0000	0.0000	28356.0000	7000.0000	0.0000	-2.3707	9.6288	-0.0000	18903.2826	-5.0200	0.0000	-3.8307	0.0000
11.7000	1016.7485	10.0342	7410.8310	4066.8388	0.0000	0.0138	792.8713	25901.5000	8000.0000	0.0000	28316.0000	7000.0000	0.0000	-2.2754	9.6182	-0.0000	18767.8124	-4.8109	0.0000	-3.6641	0.0000
11.8000	1021.0509	10.1137	7509.3348	4092.8046	0.0000	0.0139	791.4947	25866.5000	8000.0000	0.0000	28276.0000	7000.0000	0.0000	-2.1812	9.6080	-0.0000	18631.8920	-4.6050	0.0000	-3.4998	0.0000
11.9000	1025.3283	10.1938	7608.3100	4118.6646	0.0000	0.0140	790.1218	25831.5000	8000.0000	0.0000	28236.0000	7000.0000	0.0000	-2.0881	9.5982	-0.0000	18495.5247	-4.4020	0.0000	-3.3379	0.0000
12.0000	1029.5802	10.2744	7707.7526	4144.4224	0.0000	0.0141	788.7528	25796.5000	8000.0000	0.0000	28196.0000	7000.0000	0.0000	-1.9960	9.5889	-0.0000	18358.7138	-4.2019	0.0000	-3.1781	0.0000
12.1000	1033.8063	10.3557	7807.6586	4170.0813	0.0000	0.0143	787.3874	25761.5000	8000.0000	0.0000	28156.0000	7000.0000	0.0000	-1.9048	9.5799	-0.0000	18221.4626	-4.0044	0.0000	-3.0205	0.0000
12.2000	1038.0064	10.4377	7908.0241	4195.6446	0.0000	0.0144	786.0258	25726.5000	8000.0000	0.0000	28116.0000	7000.0000	0.0000	-1.8145	9.5714	-0.0000	18083.7743	-3.8095	0.0000	-2.8649	0.0000
12.3000	1042.1801	10.5205	8008.8451	4221.1157	0.0000	0.0145	784.6680	25691.5000	8000.0000	0.0000	28076.0000	7000.0000	0.0000	-1.7251	9.5633	-0.0000	17945.6523	-3.6171	0.0000	-2.7114	0.0000
12.4000	1046.3272	10.6039	8110.1175	4246.4980	0.0000	0.0146	783.3139	25656.5000	8000.0000	0.0000	28036.0000	7000.0000	0.0000	-1.6366	9.5555	-0.0000	17807.0998	-3.4272	0.0000	-2.5598	0.0000
12.5000	1050.4474	10.6882	8211.8375	4271.7949	0.0000	0.0148	781.9636	25621.5000	8000.0000	0.0000	27996.0000	7000.0000	0.0000	-1.5490	9.5482	-0.0000	17668.1201	-3.2397	0.0000	-2.4102	0.0000
12.6000	1054.5413	10.7731	8314.0010	4297.0096	0.0000	0.0149	780.6170	25586.5000	8000.0000	0.0000	27956.0000	7000.0000	0.0000	-1.4624	9.5412	-0.0000	17528.7166	-3.0545	0.0000	-2.2625	0.0000
12.7000	1058.6203	10.8588	8416.6047	4322.1457	0.0000	0.0150	779.2741	25551.5000	8000.0000	0.0000	27916.0000	7000.0000	0.0000	-1.3773	9.5346	-0.0000	17388.8921	-2.8717	0.0000	-2.1168	0.0000
12.8000	1062.6881	10.9453	8519.6460	4347.2069	0.0000	0.0151	777.9351	25516.5000	8000.0000	0.0000	27876.0000	7000.0000	0.0000	-1.2929	9.5285	-0.0000	17248.6484	-2.6910	0.0000	-1.9730	0.0000
12.9000	1066.7443	11.0324	8623.1226	4372.1968	0.0000	0.0153	776.5997	25481.5000	8000.0000	0.0000	27836.0000	7000.0000	0.0000	-1.2093	9.5226	-0.0000	17107.9873	-2.5127	0.0000	-1.8310	0.0000
13.0000	1070.7887	11.1201	8727.0322	4397.1192	0.0000	0.0154	775.2681	25446.5000	8000.0000	0.0000	27796.0000	7000.0000	0.0000	-1.1264	9.5172	-0.0000	16966.9104	-2.3366	0.0000	-1.6910	0.0000
13.1000	1074.8207	11.2084	8831.3723	4421.9776	0.0000	0.0155	773.9403	25411.5000	8000.0000	0.0000	27756.0000	7000.0000	0.0000	-1.0442	9.5121	-0.0000	16825.4194	-2.1628	0.0000	-1.5529	0.0000
13.2000	1078.8399	11.2973	8936.1405	4446.7758	0.0000	0.0156	772.6162	25376.5000	8000.0000	0.0000	27716.0000	7000.0000	0.0000	-0.9628	9.5074	-0.0000	16683.5160	-1.9913	0.0000	-1.4167	0.0000
13.3000	1082.8302	11.3866	9041.3339	4471.5173	0.0000	0.0156	771.2959	25341.5000	8000.0000	0.0000	27676.0000	7000.0000	0.0000	-0.8814	9.5031	-0.0000	16541.2025	-1.8221	0.0000	-1.2824	0.0000
13.4000	1086.7807	11.4764	9146.9479	4496.2055	0.0000	0.0157	769.9793	25306.5000	8000.0000	0.0000	27636.0000	7000.0000	0.0000	-0.8010	9.4990	-0.0000	16398.4826	-1.6553	0.0000	-1.1501	0.0000
13.5000	1090.6913	11.5666	9252.9773	4520.8433	0.0000	0.0158	768.6664	25271.5000	8000.0000	0.0000	27596.0000	7000.0000	0.0000	-0.7215	9.4954	-0.0000	16255.3608	-1.4908	0.0000	-1.0196	0.0000
13.6000	1094.5620	11.6571	9359.4173	4545.4339	0.0000	0.0158	767.3574	25236.5000	8000.0000	0.0000	27556.0000	7000.0000	0.0000	-0.6431	9.4921	-0.0000	16111.8416	-1.3286	0.0000	-0.8911	0.0000
13.7000	1098.3929	11.7480	9466.2629	4569.9804	0.0000	0.0159	766.0520	25201.5000	8000.0000	0.0000	27516.0000	7000.0000	0.0000	-0.5656	9.4891	-0.0000	15967.9293	-1.1688	0.0000	-0.7646	0.0000
13.8000	1102.1838	11.8392	9573.5089	4594.4860	0.0000	0.0159	764.7504	25166.5000	8000.0000	0.0000	27476.0000	7000.0000	0.0000	-0.4891	9.4865	-0.0000	15823.6282	-1.0113	0.0000	-0.6399	0.0000
13.9000	1105.9349	11.9307	9681.1506	4618.9536	0.0000	0.0160	763.4526	25131.5000	8000.0000	0.0000	27436.0000	7000.0000	0.0000	-0.4138	9.4841	-0.0000	15678.9428	-0.8561	0.0000	-0.5179	0.0000
14.0000	1109.6462	12.0225	9789.1831	4643.3864	0.0000	0.0160	762.1585	25096.5000	8000.0000	0.0000	27396.0000	7000.0000	0.0000	-0.3394	9.4821	-0.0000	15533.8773	-0.7031	0.0000	-0.3976	0.0000
14.1000	1113.3176	12.1145	9897.6013	4667.7873	0.0000	0.0161	760.8682	25061.5000	8000.0000	0.0000	27356.0000	7000.0000	0.0000	-0.2659	9.4805	-0.0000	15388.4362	-0.5523	0.0000	-0.2787	0.0000
14.2000	1116.9493	12.2068	10006.4004	4692.1594	0.0000	0.0161	759.5816	25026.5000	8000.0000	0.0000	27316.0000	7000.0000	0.0000	-0.1933	9.4791	-0.0000	15242.6236	-0.4037	0.0000	-0.1612	0.0000
14.3000	1120.5413	12.2993	10115.5756	4716.5057	0.0000	0.0162	758.2987	24991.5000	8000.0000	0.0000	27276.0000	7000.0000	0.0000	-0.1216	9.4781	-0.0000	15096.4440	-0.2573	0.0000	-0.0451	0.0000
14.4000	1124.0937	12.3919	10225.1220	4740.8291	0.0000	0.0162	757.0197	24956.5000	8000.0000	0.0000	27236.0000	7000.0000	0.0000	-0.0509	9.4773	-0.0000	14949.9015	-0.1131	0.0000	0.0695	0.0000
14.5000	1127.6060	12.4846	10335.0349	4765.1328	0.0000	0.0162	755.7443	24921.5000	8000.0000	0.0000	27196.0000	7000.0000	0.0000	0.0188	9.4768	-0.0000	14803.0004	0.0288	0.0000	0.1823	0.0000
14.6000	1131.0675	12.5772	10445.3089	4789.4194	0.0000	0.0161	754.4727	24886.5000	8000.0000	0.0000	27156.0000	7000.0000	0.0000	0.0873	9.4767	-0.0000	14655.7454	0.1684	0.0000	0.2922	0.0000
14.7000	1134.4743	12.6694	10555.9380	4813.6916	0.0000	0.0161	753.2049	24851.5000	8000.0000	0.0000	27116.0000	7000.0000	0.0000	0.1545	9.4768	-0.0000	14508.1419	0.3054	0.0000	0.4001	0.0000
14.8000	1137.8267	12.7612	10666.9160	4837.9519	0.0000	0.0160	751.9408	24816.5000	8000.0000	0.0000	27076.0000	7000.0000	0.0000	0.2204	9.4772	-0.0000	14360.1957	0.4399	0.0000	0.5058	0.0000
14.9000	1141.1251	12.8526	10778.2366	4862.2029	0.0000	0.0159	750.6805	24781.5000	8000.0000	0.0000	27036.0000	7000.0000	0.0000	0.2850	9.4778	-0.0000	14211.9125	0.5718	0.0000	0.6090	0.0000
15.0000	1144.3701	12.9436	10889.8939	4886.4469	0.0000	0.0158	749.4239	24746.5000	8000.0000	0.0000	26996.0000	7000.0000	0.0000	0.3483	9.4788	-0.0000	14063.2979	0.7012	0.0000	0.7100	0.0000
15.1000	1147.5620	13.0341	11001.8817	4910.6865	0.0000	0.0158	748.1710	24711.5000	8000.0000	0.0000	26956.0000	7000.0000	0.0000	0.4103	9.4800	-0.0000	13914.3574	0.8281	0.0000	0.8086	0.0000
15.2000	1150.7013	13.1242	11114.1941	4934.9239	0.0000	0.0157	746.9220	24676.5000	8000.0000	0.0000	26916.0000	7000.0000	0.0000	0.4711	9.4814	-0.0000	13765.0966	0.9526	0.0000	0.9050	0.0000
15.3000	1153.7884	13.2138	11226.8252	4959.1615	0.0000	0.0156	745.6766	24641.5000	8000.0000	0.0000	26876.0000	7000.0000	0.0000	0.5307	9.4832	-0.0000	13615.5209	1.0747	0.0000	1.0005	0.0000
15.4000	1156.8239	13.3030	11339.7691	4983.4015	0.0000	0.0155	744.4350	24606.5000	8000.0000	0.0000	26836.0000	7000.0000	0.0000	0.5892	9.4851	-0.0000	13465.6357	1.1946	0.0000	1.0946	0.0000
15.5000	1159.8081	13.3919	11453.0201	5007.6463	0.0000	0.0155	743.1972	24571.5000	8000.0000	0.0000	26796.0000	7000.0000	0.0000	0.6466	9.4873	-0.0000	13315.4463	1.3123	0.0000	1.1868	0.0000
15.6000	1162.7416	13.4804	11566.5725	5031.8981	0.0000	0.0154	741.9631	24536.5000	8000.0000	0.0000	26756.0000	7000.0000	0.0000	0.7029	9.4898	-0.0000	13164.9581	1.4278	0.0000	1.2772	0.0000
15.7000	1165.6248	13.5686	11680.4205	5056.1589	0.0000	0.0153	740.7328	24501.5000	8000.0000	0.0000	26716.0000	7000.0000	0.0000	0.7581	9.4925	-0.0000	13014.1762	1.5412	0.0000	1.3658	0.0000
15.8000	1168.4583	13.6563	11794.5586	5080.4311	0.0000	0.0153	739.5062	24466.5000	8000.0000	0.0000	26676.0000	7000.0000	0.0000	0.8121	9.4954	-0.0000	12863.1058	1.6525	0.0000	1.4527	0.0000
15.9000	1171.2425	13.7435	11908.9813	5104.7167	0.0000	0.0152	738.2833	24431.5000	8000.0000	0.0000	26636.0000	7000.0000	0.0000	0.8651	9.4985	-0.0000	12711.7521	1.7616	0.0000	1.5378	0.0000
16.0000	1173.9780	13.8303	12023.6831	5129.0177	0.0000	0.0151	737.0643	24396.5000	8000.0000	0.0000	26596.0000	7000.0000	0.0000	0.9169	9.5018	-0.0000	12560.1202	1.8686	0.0000	1.6212	0.0000
16.1000	1176.6653	13.9165	12138.6585	5153.3362	0.0000	0.0150	735.8489	24361.5000	8000.0000	0.0000	26556.0000	7000.0000	0.0000	0.9677	9.5054	-0.0000	12408.2149	1.9735	0.0000	1.7029	0.0000
16.2000	1179.2990	14.0022	12253.9022	5177.6741	0.0000	0.0149	734.6373	24326.5000	8000.0000	0.0000	26516.0000	7000.0000	0.0000	1.0168	9.5092	-0.0000	12256.0415	2.0763	0.0000	1.7829	0.0000
16.3000	1181.8676	14.0872	12369.4076	5202.0332	0.0000	0.0148	733.4295	24291.5000	8000.0000	0.0000	26476.0000	7000.0000	0.0000	1.0645	9.5131	-0.0000	12103.6058	2.1770	0.0000	1.8613	0.0000
16.4000	1184.3717	14.1717	12485.1678	5226.4148	0.0000	0.0147	732.2254	24256.5000	8000.0000	0.0000	26436.0000	7000.0000	0.0000	1.1112	9.5173	-0.0000	11950.9145	2.2756	0.0000	1.9382	0.0000
16.5000	1186.8125	14.2556	12601.1759	5250.8203	0.0000	0.0146	731.0251	24221.5000	8000.0000	0.0000	26396.0000	7000.0000	0.0000	1.1567	9.5216	-0.0000	11797.9741	2.3723	0.0000	2.0136	0.0000
16.6000	1189.1908	14.3389	12717.4253	5275.2513	0.0000	0.0145	729.8285	24186.5000	8000.0000	0.0000	26356.0000	7000.0000	0.0000	1.2012	9.5262	-0.0000	11644.7911	2.4671	0.0000	2.0874	0.0000
16.7000	1191.5077	14.4217	12833.9092	5299.7089	0.0000	0.0144	728.6356	24151.5000	8000.0000	0.0000	26316.0000	7000.0000	0.0000	1.2446	9.5309	-0.0000	11491.3718	2.5599	0.0000	2.1598	0.0000
16.8000	1193.7642	14.5039	12950.6211	5324.1946	0.0000	0.0143	727.4466	24116.5000	8000.0000	0.0000	26276.0000	7000.0000	0.0000	1.2869	9.5358	-0.0000	11337.7224	2.6510	0.0000	2.2308	0.0000
16.9000	1195.9614	14.5856	13067.5548	5348.7096	0.0000	0.0142	726.2612	24081.5000	8000.0000	0.0000	26236.0000	7000.0000	0.0000	1.3283	9.5409	-0.0000	11183.8490	2.7403	0.0000	2.3003	0.0000
17.0000	1198.1001	14.6668	13184.7038	5373.2551	0.0000	0.0141	725.0796	24046.5000	8000.0000	0.0000	26196.0000	7000.0000	0.0000	1.3686	9.5462	-0.0000	11029.7576	2.8278	0.0000	2.3685	0.0000
17.1000	1200.1815	14.7475	13302.0620	5397.8325	0.0000	0.0140	723.9018	24011.5000	8000.0000	0.0000	26156.0000	7000.0000	0.0000	1.4080	9.5516	-0.0000	10875.4542	2.9136	0.0000	2.4353	0.0000
17.2000	1202.2066	14.8276	13419.6234	5422.4428	0.0000	0.0139	722.7277	23976.5000	8000.0000	0.0000	26116.0000	7000.0000	0.0000	1.4464	9.5572	-0.0000	10720.9444	2.9977	0.0000	2.5009	0.0000
17.3000	1204.1762	14.9072	13537.3820	5447.0873	0.0000	0.0138	721.5574	23941.5000	8000.0000	0.0000	26076.0000	7000.0000	0.0000	1.4839	9.5629	-0.0000	10566.2341	3.0802	0.0000	2.5651	0.0000
17.4000	1206.0943	14.9863	13655.3320	5471.7671	0.0000	0.0138	720.3908	23906.5000	8000.0000	0.0000	26036.0000	7000.0000	0.0000	1.5208	9.5688	-0.0000	10411.3288	3.1611	0.0000	2.6281	0.0000
17.5000	1207.9677	15.0649	13773.4682	5496.4833	0.0000	0.0137	719.2279	23871.5000	8000.0000	0.0000	25996.0000	7000.0000	0.0000	1.5570	9.5749	-0.0000	10256.2334	3.2404	0.0000	2.6898	0.0000
17.6000	1209.7972	15.1430	13891.7859	5521.2374	0.0000	0.0136	718.0689	23836.5000	8000.0000	0.0000	25956.0000	7000.0000	0.0000	1.5923	9.5811	-0.0000	10100.9524	3.3181	0.0000	2.7501	0.0000
17.7000	1211.5646	15.5583	14010.2793	5546.0345	0.0000	0.3682	716.9135	23801.5000	8000.0000	0.0000	25916.0000	7000.0000	0.0000	2.2786	14.0627	-0.0000	10109.5549	3.5607	0.0000	20.8426	0.0000
17.8000	1212.9859	18.8213	14128.9227	5570.9228	0.0000	0.7171	715.7619	23766.5000	8000.0000	0.0000	25876.0000	7000.0000	0.0000	3.3663	14.1386	-0.0000	9954.4926	6.5512	0.0000	14.6189	0.0000
17.9000	1213.7086	23.0685	14247.6479	5595.9541	0.0000	0.7401	714.6141	23731.5000	8000.0000	0.0000	25836.0000	7000.0000	0.0000	5.1050	14.2164	-0.0000	9799.3271	10.6977	0.0000	14.4060	0.0000
18.0000	1213.9717	27.1383	14366.3781	5621.2101	0.0000	0.6657	713.4700	23696.5000	8000.0000	0.0000	25796.0000	7000.0000	0.0000	6.7964	14.2954	-0.0000	9644.1157	14.6824	0.0000	15.8605	0.0000
18.1000	1213.7263	30.7061	14485.0457	5646.7763	0.0000	0.5693	712.3297	23661.5000	8000.0000	0.0000	25756.0000	7000.0000	0.0000	8.2147	14.3751	-0.0000	9488.9021	18.1370	0.0000	17.5740	0.0000
18.2000	1212.9686	33.7212	14603.5820	5672.7216	0.0000	0.4750	711.1931	23626.5000	8000.0000	0.0000	25716.0000	7000.0000	0.0000	9.3398	14.4551	-0.0000	9333.7349	21.0035	0.0000	19.1171	0.0000
18.3000	1211.7430	36.2188	14721.9236	5699.0975	0.0000	0.3901	710.0602	23591.5000	8000.0000	0.0000	25676.0000	7000.0000	0.0000	10.2051	14.5349	-0.0000	9178.6624	23.3204	0.0000	20.3830	0.0000
18.4000	1210.1191	38.2572	14840.0151	5725.9412	0.0000	0.3158	708.9312	23556.5000	8000.0000	0.0000	25636.0000	7000.0000	0.0000	10.8547	14.6142	-0.0000	9023.7279	25.1516	0.0000	21.3680	0.0000
18.5000	1208.1758	39.8970	14957.8113	5753.2784	0.0000	0.2518	707.8058	23521.5000	8000.0000	0.0000	25596.0000	7000.0000	0.0000	11.3295	14.6927	-0.0000	8868.9685	26.5633	0.0000	22.0984	0.0000
18.6000	1205.9924	41.1943	15075.2763	5781.1261	0.0000	0.1970	706.6842	23486.5000	8000.0000	0.0000	25556.0000	7000.0000	0.0000	11.6637	14.7702	-0.0000	8714.4137	27.6163	0.0000	22.6072	0.0000
18.7000	1203.6430	42.1991	15192.3836	5809.4953	0.0000	0.1503	705.5664	23451.5000	8000.0000	0.0000	25516.0000	7000.0000	0.0000	11.8848	14.8466	-0.0000	8560.0856	28.3648	0.0000	22.9262	0.0000
18.8000	1201.1938	42.9549	15309.1146	5838.3918	0.0000	0.1106	704.4523	23416.5000	8000.0000	0.0000	25476.0000	7000.0000	0.0000	12.0143	14.9216	-0.0000	8405.9996	28.8553	0.0000	23.0839	0.0000
18.9000	1198.7023	43.4994	15425.4582	5867.8183	0.0000	0.0770	703.3420	23381.5000	8000.0000	0.0000	25436.0000	7000.0000	0.0000	12.0693	14.9952	-0.0000	8252.1649	29.1283	0.0000	23.1050	0.0000
19.0000	1196.2172	43.8644	15541.4091	5897.7744	0.0000	0.0484	702.2354	23346.5000	8000.0000	0.0000	25396.0000	7000.0000	0.0000	12.0630	15.0672	-0.0000	8098.5856	29.2180	0.0000	23.0109	0.0000
19.1000	1193.7787	44.0775	15656.9674	5928.2579	0.0000	0.0242	701.1325	23311.5000	8000.0000	0.0000	25356.0000	7000.0000	0.0000	12.0061	15.1376	-0.0000	7945.2609	29.1535	0.0000	22.8198	0.0000
19.2000	1191.4197	44.1616	15772.1372	5959.2650	0.0000	0.0037	700.0335	23276.5000	8000.0000	0.0000	25316.0000	7000.0000	0.0000	11.9067	15.2063	-0.0000	7792.1866	28.9597	0.0000	22.5473	0.0000
19.3000	1189.1661	44.1365	15886.9263	5990.7905	0.0000	-0.0137	698.9381	23241.5000	8000.0000	0.0000	25276.0000	7000.0000	0.0000	11.7717	15.2733	-0.0000	7639.3554	28.6574	0.0000	22.2065	0.0000
19.4000	1187.0381	44.0185	16001.3453	6022.8281	0.0000	-0.0285	697.8465	23206.5000	8000.0000	0.0000	25236.0000	7000.0000	0.0000	11.6065	15.3384	-0.0000	7486.7575	28.2643	0.0000	21.8088	0.0000
19.5000	1185.0511	43.8217	16115.4068	6055.3707	0.0000	-0.0411	696.7587	23171.5000	8000.0000	0.0000	25196.0000	7000.0000	0.0000	11.4156	15.4018	-0.0000	7334.3812	27.7954	0.0000	21.3637	0.0000
19.6000	1183.2159	43.5580	16229.1256	6088.4102	0.0000	-0.0518	695.6746	23136.5000	8000.0000	0.0000	25156.0000	7000.0000	0.0000	11.2028	15.4632	-0.0000	7182.2134	27.2634	0.0000	20.8794	0.0000
19.7000	1181.5401	43.2372	16342.5174	6121.9379	0.0000	-0.0609	694.5943	23101.5000	8000.0000	0.0000	25116.0000	7000.0000	0.0000	10.9712	15.5227	-0.0000	7030.2398	26.6791	0.0000	20.3629	0.0000
19.8000	1180.0282	42.8678	16455.5992	6155.9446	0.0000	-0.0686	693.5177	23066.5000	8000.0000	0.0000	25076.0000	7000.0000	0.0000	10.7235	15.5803	-0.0000	6878.4456	26.0516	0.0000	19.8202	0.0000
19.9000	1178.6823	42.4572	16568.3886	6190.4204	0.0000	-0.0752	692.4448	23031.5000	8000.0000	0.0000	25036.0000	7000.0000	0.0000	10.4621	15.6360	-0.0000	6726.8151	25.3886	0.0000	19.2565	0.0000
20.0000	1177.5023	42.0115	16680.9037	6225.3549	0.0000	-0.0808	691.3758	22996.5000	8000.0000	0.0000	24996.0000	7000.0000	0.0000	10.1891	15.6898	-0.0000	6575.3329	24.6970	0.0000	18.6762	0.0000
20.1000	1176.4868	41.5359	16793.1629	6260.7371	0.0000	-0.0855	690.3104	22961.5000	8000.0000	0.0000	24956.0000	7000.0000	0.0000	9.9064	15.7416	-0.0000	6423.9830	23.9825	0.0000	18.0832	0.0000
20.2000	1175.6327	41.0353	16905.1846	6296.5559	0.0000	-0.0895	689.2488	22926.5000	8000.0000	0.0000	24916.0000	7000.0000	0.0000	9.6154	15.7915	-0.0000	6272.7498	23.2500	0.0000	17.4809	0.0000
20.3000	1174.9360	40.5135	17016.9872	6332.7994	0.0000	-0.0928	688.1910	22891.5000	8000.0000	0.0000	24876.0000	7000.0000	0.0000	9.3179	15.8394	-0.0000	6121.6177	22.5041	0.0000	16.8724	0.0000
20.4000	1174.3918	39.9742	17128.5892	6369.4557	0.0000	-0.0956	687.1369	22856.5000	8000.0000	0.0000	24836.0000	7000.0000	0.0000	9.0150	15.8854	-0.0000	5970.5716	21.7484	0.0000	16.2603	0.0000
20.5000	1173.9944	39.4205	17240.0086	6406.5123	0.0000	-0.0978	686.0866	22821.5000	8000.0000	0.0000	24796.0000	7000.0000	0.0000	8.7082	15.9295	-0.0000	5819.5967	20.9863	0.0000	15.6469	0.0000
20.6000	1173.7377	38.8553	17351.2630	6443.9567	0.0000	-0.0996	685.0400	22786.5000	8000.0000	0.0000	24756.0000	7000.0000	0.0000	8.3985	15.9717	-0.0000	5668.6785	20.2210	0.0000	15.0345	0.0000
20.7000	1173.6152	38.2811	17462.3700	6481.7758	0.0000	-0.1009	683.9971	22751.5000	8000.0000	0.0000	24716.0000	7000.0000	0.0000	8.0871	16.0120	-0.0000	5517.8033	19.4551	0.0000	14.4250	0.0000
20.8000	1173.6201	37.7003	17573.3463	6519.9567	0.0000	-0.1018	682.9581	22716.5000	8000.0000	0.0000	24676.0000	7000.0000	0.0000	7.7750	16.0505	-0.0000	5366.9577	18.6911	0.0000	13.8203	0.0000
20.9000	1173.7452	37.1152	17684.2085	6558.4859	0.0000	-0.1024	681.9227	22681.5000	8000.0000	0.0000	24636.0000	7000.0000	0.0000	7.4633	16.0871	-0.0000	5216.1289	17.9313	0.0000	13.2219	0.0000
21.0000	1173.9836	36.5277	17794.9725	6597.3501	0.0000	-0.1026	680.8911	22646.5000	8000.0000	0.0000	24596.0000	7000.0000	0.0000	7.1528	16.1220	-0.0000	5065.3050	17.1778	0.0000	12.6315	0.0000
21.1000	1174.3280	35.9399	17905.6535	6636.5357	0.0000	-0.1025	679.8633	22611.5000	8000.0000	0.0000	24556.0000	7000.0000	0.0000	6.8445	16.1551	-0.0000	4914.4742	16.4324	0.0000	12.0505	0.0000
21.2000	1174.7712	35.3535	18016.2665	6676.0291	0.0000	-0.1021	678.8392	22576.5000	8000.0000	0.0000	24516.0000	7000.0000	0.0000	6.5393	16.1865	-0.0000	4763.6259	15.6971	0.0000	11.4802	0.0000
21.3000	1175.3061	34.7704	18126.8255	6715.8168	0.0000	-0.1013	677.8189	22541.5000	8000.0000	0.0000	24476.0000	7000.0000	0.0000	6.2379	16.2163	-0.0000	4612.7496	14.9736	0.0000	10.9222	0.0000
21.4000	1175.9258	34.1924	18237.3441	6755.8850	0.0000	-0.1003	676.8023	22506.5000	8000.0000	0.0000	24436.0000	7000.0000	0.0000	5.9413	16.2444	-0.0000	4461.8358	14.2634	0.0000	10.3775	0.0000
21.5000	1176.6235	33.6211	18347.8353	6796.2204	0.0000	-0.0990	675.7894	22471.5000	8000.0000	0.0000	24396.0000	7000.0000	0.0000	5.6502	16.2710	-0.0000	4310.8754	13.5683	0.0000	9.8475	0.0000
21.6000	1177.3924	33.0581	18458.3114	6836.8094	0.0000	-0.0973	674.7804	22436.5000	8000.0000	0.0000	24356.0000	7000.0000	0.0000	5.3654	16.2961	-0.0000	4159.8602	12.8896	0.0000	9.3333	0.0000
21.7000	1178.2262	32.5053	18568.7841	6877.6387	0.0000	-0.0954	673.7750	22401.5000	8000.0000	0.0000	24316.0000	7000.0000	0.0000	5.0876	16.3197	-0.0000	4008.7823	12.2290	0.0000	8.8363	0.0000
21.8000	1179.1186	31.9641	18679.2643	6918.6954	0.0000	-0.0932	672.7734	22366.5000	8000.0000	0.0000	24276.0000	7000.0000	0.0000	4.8176	16.3420	-0.0000	3857.6346	11.5878	0.0000	8.3575	0.0000
21.9000	1180.0638	31.4364	18789.7625	6959.9663	0.0000	-0.0907	671.7756	22331.5000	8000.0000	0.0000	24236.0000	7000.0000	0.0000	4.5561	16.3629	-0.0000	3706.4105	10.9675	0.0000	7.8981	0.0000
22.0000	1181.0560	30.9238	18900.2883	7001.4391	0.0000	-0.0879	670.7815	22296.5000	8000.0000	0.0000	24196.0000	7000.0000	0.0000	4.3038	16.3826	-0.0000	3555.1040	10.3696	0.0000	7.4595	0.0000
22.1000	1182.0898	30.4280	19010.8510	7043.1014	0.0000	-0.0848	669.7912	22261.5000	8000.0000	0.0000	24156.0000	7000.0000	0.0000	4.0613	16.4011	-0.0000	3403.7096	9.7954	0.0000	7.0428	0.0000
22.2000	1183.1602	29.9507	19121.4589	7084.9412	0.0000	-0.0814	668.8046	22226.5000	8000.0000	0.0000	24116.0000	7000.0000	0.0000	3.8295	16.4186	-0.0000	3252.2225	9.2465	0.0000	6.6494	0.0000
22.3000	1184.2623	29.4939	19232.1199	7126.9472	0.0000	-0.0776	667.8217	22191.5000	8000.0000	0.0000	24076.0000	7000.0000	0.0000	3.6089	16.4351	-0.0000	3100.6382	8.7244	0.0000	6.2807	0.0000
22.4000	1185.3917	29.0594	19342.8413	7169.1081	0.0000	-0.0735	666.8427	22156.5000	8000.0000	0.0000	24036.0000	7000.0000	0.0000	3.4004	16.4507	-0.0000	2948.9528	8.2306	0.0000	5.9382	0.0000
22.5000	1186.5533	28.6493	19453.6296	7211.4137	0.0000	-0.0691	665.8673	22121.5000	8000.0000	0.0000	23996.0000	7000.0000	0.0000	3.2087	16.4655	-0.0000	2797.1628	7.7668	0.0000	5.6228	0.0000
22.6000	1187.7857	28.2656	19564.4936	7253.8552	0.0000	-0.0643	664.8957	22086.5000	8000.0000	0.0000	23956.0000	7000.0000	0.0000	3.0333	16.4797	-0.0000	2645.2626	7.3343	0.0000	5.3320	0.0000
22.7000	1189.0864	27.9096	19675.4434	7296.4260	0.0000	-0.0594	663.9279	22051.5000	8000.0000	0.0000	23916.0000	7000.0000	0.0000	2.8703	16.4932	-0.0000	2493.2444	6.9342	0.0000	5.0682	0.0000
22.8000	1190.4471	27.5826	19786.4883	7339.1196	0.0000	-0.0542	662.9638	22016.5000	8000.0000	0.0000	23876.0000	7000.0000	0.0000	2.7203	16.5063	-0.0000	2341.1009	6.5674	0.0000	4.8343	0.0000
22.9000	1191.8598	27.2862	19897.6367	7381.9301	0.0000	-0.0487	662.0035	21981.5000	8000.0000	0.0000	23836.0000	7000.0000	0.0000	2.5839	16.5190	-0.0000	2188.8257	6.2350	0.0000	4.6326	0.0000
23.0000	1193.3166	27.0224	20008.8957	7424.8517	0.0000	-0.0428	661.0469	21946.5000	8000.0000	0.0000	23796.0000	7000.0000	0.0000	2.4621	16.5315	-0.0000	2036.4134	5.9387	0.0000	4.4661	0.0000
23.1000	1194.8096	26.7937	20120.2718	7467.8796	0.0000	-0.0363	660.0940	21911.5000	8000.0000	0.0000	23756.0000	7000.0000	0.0000	2.3556	16.5439	-0.0000	1883.8593	5.6805	0.0000	4.3386	0.0000
23.2000	1196.3309	26.6038	20231.7700	7511.0092	0.0000	-0.0291	659.1450	21876.5000	8000.0000	0.0000	23716.0000	7000.0000	0.0000	2.2660	16.5564	-0.0000	1731.1595	5.4633	0.0000	4.2554	0.0000
23.3000	1197.8724	26.4572	20343.3946	7554.2365	0.0000	-0.0210	658.1996	21841.5000	8000.0000	0.0000	23676.0000	7000.0000	0.0000	2.1950	16.5691	-0.0000	1578.3110	5.2913	0.0000	4.2239	0.0000
23.4000	1199.4253	26.3601	20455.1484	7597.5585	0.0000	-0.0117	657.2580	21806.5000	8000.0000	0.0000	23636.0000	7000.0000	0.0000	2.1448	16.5825	-0.0000	1425.3119	5.1697	0.0000	4.2550	0.0000
23.5000	1200.9800	26.3211	20567.0332	7640.9729	0.0000	-0.0005	656.3202	21771.5000	8000.0000	0.0000	23596.0000	7000.0000	0.0000	2.1189	16.5968	-0.0000	1272.1611	5.1064	0.0000	4.3652	0.0000
23.6000	1202.5255	26.3524	20679.0490	7684.4783	0.0000	0.0133	655.3861	21736.5000	8000.0000	0.0000	23556.0000	7000.0000	0.0000	2.1219	16.6124	-0.0000	1118.8586	5.1121	0.0000	4.5811	0.0000
23.7000	1204.0487	26.4719	20791.1944	7728.0747	0.0000	0.0310	654.4558	21701.5000	8000.0000	0.0000	23516.0000	7000.0000	0.0000	2.1610	16.6300	-0.0000	965.4059	5.2033	0.0000	4.9483	0.0000
23.8000	1205.5329	26.7080	20903.4655	7771.7635	0.0000	0.0552	653.5292	21666.5000	8000.0000	0.0000	23476.0000	7000.0000	0.0000	2.2477	16.6505	-0.0000	811.8060	5.4058	0.0000	5.5535	0.0000
23.9000	1206.9547	27.1091	21015.8557	7815.5485	0.0000	0.0910	652.6063	21631.5000	8000.0000	0.0000	23436.0000	7000.0000	0.0000	2.4025	16.6757	-0.0000	658.0639	5.7635	0.0000	6.5833	0.0000
24.0000	1208.2784	27.7675	21128.3540	7859.4363	0.0000	0.1505	651.6873	21596.5000	8000.0000	0.0000	23396.0000	7000.0000	0.0000	2.6671	16.7088	-0.0000	504.1877	6.3599	0.0000	8.5210	0.0000
24.1000	1209.4392	28.8931	21240.9426	7903.4389	0.0000	0.2706	650.7719	21561.5000	8000.0000	0.0000	23356.0000	7000.0000	0.0000	3.1488	16.7574	-0.0000	350.1907	7.3816	0.0000	13.0418	0.0000
24.2000	1210.3367	31.1353	21353.5890	7947.5810	0.0000	0.6220	649.8603	21526.5000	8000.0000	0.0000	23316.0000	7000.0000	0.0000	4.3147	16.8498	-0.0000	196.0956	9.3837	0.0000	30.0000	0.0000
24.3000	1210.9023	36.0089	21466.2392	7991.9223	0.0000	1.0780	648.9525	21491.5000	8000.0000	0.0000	23276.0000	7000.0000	0.0000	5.9179	17.3741	-0.0000	41.9374	13.8719	0.0000	30.0000	0.0000
24.3100	1210.9296	36.6266	21477.5017	7996.3702	0.0000	1.1083	648.8619	21488.0000	8000.0000	0.0000	23272.0000	7000.0000	0.0000	6.1222	17.7329	-0.0000	26.5209	14.4573	0.0000	30.0000	0.0000
