0	350.966	45.0000	2.4749	2.4749	0.0000	0.0000	979.8183	29996.5000	8000.0000	0.0000	32996.0000	7000.0000	0.0000	-0.0000	45.0000	-0.0000	30000.0000	-0.0000	0.0000	0.0000	0.0000
0.1000	360.5789	45.0003	27.6252	27.5713	0.0000	0.0002	978.0029	29961.5000	8000.0000	0.0000	32956.0000	7000.0000	0.0000	0.0477	45.0001	-0.0000	29964.5664	0.1104	0.0000	0.1608	0.0000
0.2000	370.1084	45.0022	53.5012	53.2961	0.0000	0.0005	976.1913	29926.5000	8000.0000	0.0000	32916.0000	7000.0000	0.0000	0.0934	45.0003	-0.0000	29928.1745	0.2157	0.0000	0.2961	0.0000
0.3000	379.5542	45.0062	80.0964	79.6435	0.0000	0.0010	974.3835	29891.5000	8000.0000	0.0000	32876.0000	7000.0000	0.0000	0.1376	45.0006	-0.0000	29890.8329	0.3172	0.0000	0.4178	0.0000
0.4000	388.9280	45.0128	107.4049	106.6084	0.0000	0.0014	972.5794	29856.5000	8000.0000	0.0000	32836.0000	7000.0000	0.0000	0.1808	45.0010	-0.0000	29852.5496	0.4156	0.0000	0.5322	0.0000
0.5000	398.2305	45.0219	135.4210	134.1861	0.0000	0.0018	970.7791	29821.5000	8000.0000	0.0000	32796.0000	7000.0000	0.0000	0.2231	45.0016	-0.0000	29813.3319	0.5111	0.0000	0.6428	0.0000
0.6000	407.4609	45.0333	164.1392	162.3720	0.0000	0.0022	968.9825	29786.5000	8000.0000	0.0000	32756.0000	7000.0000	0.0000	0.2645	45.0023	-0.0000	29773.1869	0.6041	0.0000	0.7516	0.0000
0.7000	416.6180	45.0469	193.5535	191.1617	0.0000	0.0026	967.1896	29751.5000	8000.0000	0.0000	32716.0000	7000.0000	0.0000	0.3047	45.0032	-0.0000	29732.1221	0.6945	0.0000	0.8536	0.0000
0.8000	425.7006	45.0624	223.6581	220.5503	0.0000	0.0029	965.4006	29716.5000	8000.0000	0.0000	32676.0000	7000.0000	0.0000	0.3438	45.0041	-0.0000	29690.1449	0.7825	0.0000	0.9528	0.0000
0.9000	434.7076	45.0796	254.4471	250.5332	0.0000	0.0031	963.6152	29681.5000	8000.0000	0.0000	32636.0000	7000.0000	0.0000	0.3821	45.0052	-0.0000	29647.2628	0.8680	0.0000	1.0498	0.0000
1.0000	443.6381	45.0982	285.9142	281.1058	0.0000	0.0034	961.8336	29646.5000	8000.0000	0.0000	32596.0000	7000.0000	0.0000	0.4194	45.0065	-0.0000	29603.4835	0.9510	0.0000	1.1444	0.0000
1.1000	452.4912	45.1181	318.0534	312.2632	0.0000	0.0036	960.0558	29611.5000	8000.0000	0.0000	32556.0000	7000.0000	0.0000	0.4557	45.0078	-0.0000	29558.8146	1.0316	0.0000	1.2372	0.0000
1.2000	461.2661	45.1390	350.8584	344.0007	0.0000	0.0038	958.2817	29576.5000	8000.0000	0.0000	32516.0000	7000.0000	0.0000	0.4911	45.0093	-0.0000	29513.2641	1.1098	0.0000	1.3283	0.0000
1.3000	469.9618	45.1610	384.3227	376.3135	0.0000	0.0039	956.5114	29541.5000	8000.0000	0.0000	32476.0000	7000.0000	0.0000	0.5255	45.0108	-0.0000	29466.8397	1.1857	0.0000	1.4173	0.0000
1.4000	478.5778	45.1837	418.4401	409.1966	0.0000	0.0040	954.7448	29506.5000	8000.0000	0.0000	32436.0000	7000.0000	0.0000	0.5591	45.0126	-0.0000	29419.5495	1.2592	0.0000	1.5043	0.0000
1.5000	487.1134	45.2072	453.2039	442.6454	0.0000	0.0042	952.9819	29471.5000	8000.0000	0.0000	32396.0000	7000.0000	0.0000	0.5917	45.0144	-0.0000	29371.4015	1.3306	0.0000	1.5892	0.0000
1.6000	495.5678	45.2313	488.6077	476.6548	0.0000	0.0043	951.2229	29436.5000	8000.0000	0.0000	32356.0000	7000.0000	0.0000	0.6234	45.0163	-0.0000	29322.4037	1.3997	0.0000	1.6721	0.0000
1.7000	503.9406	45.2560	524.6449	511.2199	0.0000	0.0043	949.4675	29401.5000	8000.0000	0.0000	32316.0000	7000.0000	0.0000	0.6543	45.0184	-0.0000	29272.5644	1.4667	0.0000	1.7531	0.0000
1.8000	512.2336	45.2811	561.3089	546.3358	0.0000	0.0044	947.7159	29366.5000	8000.0000	0.0000	32276.0000	7000.0000	0.0000	0.6845	45.0205	-0.0000	29221.8916	1.5317	0.0000	1.8248	0.0000
1.9000	520.4589	45.3066	598.5936	581.9981	0.0000	0.0045	945.9681	29331.5000	8000.0000	0.0000	32236.0000	7000.0000	0.0000	0.7141	45.0228	-0.0000	29170.3930	1.5946	0.0000	1.8858	0.0000
2.0000	528.6190	45.3324	636.4934	618.2030	0.0000	0.0045	944.2240	29296.5000	8000.0000	0.0000	32196.0000	7000.0000	0.0000	0.7429	45.0252	-0.0000	29118.0752	1.6556	0.0000	1.9438	0.0000
2.1000	536.7144	45.3586	675.0028	654.9468	0.0000	0.0046	942.4837	29261.5000	8000.0000	0.0000	32156.0000	7000.0000	0.0000	0.7710	45.0277	-0.0000	29064.9446	1.7147	0.0000	1.9992	0.0000
2.2000	544.7459	45.3850	714.1166	692.2257	0.0000	0.0046	940.7471	29226.5000	8000.0000	0.0000	32116.0000	7000.0000	0.0000	0.7984	45.0303	-0.0000	29011.0077	1.7719	0.0000	2.0520	0.0000
2.3000	552.7141	45.4117	753.8293	730.0362	0.0000	0.0047	939.0142	29191.5000	8000.0000	0.0000	32076.0000	7000.0000	0.0000	0.8251	45.0330	-0.0000	28956.2709	1.8273	0.0000	2.1024	0.0000
2.4000	560.6199	45.4385	794.1356	768.3748	0.0000	0.0047	937.2852	29156.5000	8000.0000	0.0000	32036.0000	7000.0000	0.0000	0.8511	45.0358	-0.0000	28900.7405	1.8810	0.0000	2.1504	0.0000
2.5000	568.4639	45.4655	835.0302	807.2378	0.0000	0.0047	935.5598	29121.5000	8000.0000	0.0000	31996.0000	7000.0000	0.0000	0.8764	45.0387	-0.0000	28844.4227	1.9331	0.0000	2.1962	0.0000
2.6000	576.2471	45.4927	876.5080	846.6219	0.0000	0.0047	933.8382	29086.5000	8000.0000	0.0000	31956.0000	7000.0000	0.0000	0.9011	45.0418	-0.0000	28787.3236	1.9834	0.0000	2.2398	0.0000
2.7000	583.9691	45.5198	918.5638	886.5236	0.0000	0.0048	932.1204	29051.5000	8000.0000	0.0000	31916.0000	7000.0000	0.0000	0.9250	45.0449	-0.0000	28729.4493	2.0322	0.0000	2.2813	0.0000
2.8000	591.6282	45.5471	961.1923	926.9394	0.0000	0.0048	930.4063	29016.5000	8000.0000	0.0000	31876.0000	7000.0000	0.0000	0.9483	45.0481	-0.0000	28670.8059	2.0795	0.0000	2.3208	0.0000
2.9000	599.2250	45.5744	1004.3883	967.8659	0.0000	0.0048	928.6960	28981.5000	8000.0000	0.0000	31836.0000	7000.0000	0.0000	0.9709	45.0514	-0.0000	28611.3997	2.1252	0.0000	2.3585	0.0000
3.0000	606.7604	45.6017	1048.1465	1009.2994	0.0000	0.0048	926.9894	28946.5000	8000.0000	0.0000	31796.0000	7000.0000	0.0000	0.9930	45.0548	-0.0000	28551.2369	2.1695	0.0000	2.3940	0.0000
3.1000	614.2706	44.3692	1092.4727	1051.2267	0.0000	-0.3994	925.2865	28911.5000	8000.0000	0.0000	31756.0000	7000.0000	0.0000	0.3455	13.0559	-0.0000	28565.4022	1.2004	0.0000	-18.7073	0.0000
3.2000	621.7692	41.7349	1137.3897	1093.6223	0.0000	-0.5030	923.5875	28876.5000	8000.0000	0.0000	31716.0000	7000.0000	0.0000	-0.7300	13.0092	-0.0000	28478.0523	-1.2860	0.0000	-14.5009	0.0000
3.3000	629.0528	38.8231	1182.9280	1136.4414	0.0000	-0.5054	921.8921	28841.5000	8000.0000	0.0000	31676.0000	7000.0000	0.0000	-1.9637	12.9617	-0.0000	28390.0226	-4.0587	0.0000	-14.5826	0.0000
3.4000	636.0044	35.9908	1229.1114	1179.6149	0.0000	-0.4781	920.2005	28806.5000	8000.0000	0.0000	31636.0000	7000.0000	0.0000	-3.1374	12.9134	-0.0000	28301.3050	-6.7137	0.0000	-15.7922	0.0000
3.5000	642.6379	33.3401	1275.9596	1223.0728	0.0000	-0.4431	918.5127	28771.5000	8000.0000	0.0000	31596.0000	7000.0000	0.0000	-4.2047	12.8645	-0.0000	28211.8964	-9.1407	0.0000	-17.2040	0.0000
3.6000	649.0636	30.8940	1323.4929	1266.7520	0.0000	-0.4073	916.8286	28736.5000	8000.0000	0.0000	31556.0000	7000.0000	0.0000	-5.1654	12.8152	-0.0000	28121.7924	-11.3175	0.0000	-18.5398	0.0000
3.7000	655.2891	28.6497	1371.7325	1310.5975	0.0000	-0.3730	915.1483	28701.5000	8000.0000	0.0000	31516.0000	7000.0000	0.0000	-6.0117	12.7656	-0.0000	28030.9843	-13.2514	0.0000	-19.7211	0.0000
3.8000	661.3115	26.5967	1420.6953	1354.5575	0.0000	-0.3408	913.4717	28666.5000	8000.0000	0.0000	31476.0000	7000.0000	0.0000	-6.7516	12.7157	-0.0000	27939.4672	-14.9583	0.0000	-20.7357	0.0000
3.9000	667.1344	24.7222	1470.3934	1398.5841	0.0000	-0.3109	911.7988	28631.5000	8000.0000	0.0000	31436.0000	7000.0000	0.0000	-7.3947	12.6656	-0.0000	27847.2393	-16.4559	0.0000	-21.5914	0.0000
4.0000	672.7655	23.0137	1520.8358	1442.6331	0.0000	-0.2831	910.1298	28596.5000	8000.0000	0.0000	31396.0000	7000.0000	0.0000	-7.9501	12.6156	-0.0000	27754.3014	-17.7618	0.0000	-22.3009	0.0000
4.1000	678.2158	21.4587	1572.0282	1486.6638	0.0000	-0.2575	908.4644	28561.5000	8000.0000	0.0000	31356.0000	7000.0000	0.0000	-8.4266	12.5655	-0.0000	27660.6564	-18.8924	0.0000	-22.8781	0.0000
4.2000	683.4984	20.0456	1623.9741	1530.6394	0.0000	-0.2338	906.8028	28526.5000	8000.0000	0.0000	31316.0000	7000.0000	0.0000	-8.8324	12.5156	-0.0000	27566.3084	-19.8630	0.0000	-23.3358	0.0000
4.3000	688.6278	18.7631	1676.6749	1574.5264	0.0000	-0.2120	905.1450	28491.5000	8000.0000	0.0000	31276.0000	7000.0000	0.0000	-9.1748	12.4658	-0.0000	27471.2630	-20.6881	0.0000	-23.6861	0.0000
4.4000	693.6186	17.6010	1730.1307	1618.2947	0.0000	-0.1919	903.4909	28456.5000	8000.0000	0.0000	31236.0000	7000.0000	0.0000	-9.4606	12.4163	-0.0000	27375.5259	-21.3807	0.0000	-23.9400	0.0000
4.5000	698.4861	16.5494	1784.3402	1661.9173	0.0000	-0.1735	901.8406	28421.5000	8000.0000	0.0000	31196.0000	7000.0000	0.0000	-9.6957	12.3670	-0.0000	27279.1037	-21.9532	0.0000	-24.1073	0.0000
4.6000	703.2449	15.5992	1839.3013	1705.3703	0.0000	-0.1567	900.1940	28386.5000	8000.0000	0.0000	31156.0000	7000.0000	0.0000	-9.8853	12.3181	-0.0000	27182.0031	-22.4170	0.0000	-24.2089	0.0000
4.7000	707.9093	14.7420	1895.0111	1748.6322	0.0000	-0.1412	898.5511	28351.5000	8000.0000	0.0000	31116.0000	7000.0000	0.0000	-10.0343	12.2695	-0.0000	27084.2306	-22.7822	0.0000	-24.2599	0.0000
4.8000	712.4927	13.9700	1951.4661	1791.6842	0.0000	-0.1271	896.9121	28316.5000	8000.0000	0.0000	31076.0000	7000.0000	0.0000	-10.1471	12.2214	-0.0000	26985.7930	-23.0586	0.0000	-24.2489	0.0000
4.9000	717.0077	13.2759	2008.6627	1834.5101	0.0000	-0.1141	895.2767	28281.5000	8000.0000	0.0000	31036.0000	7000.0000	0.0000	-10.2275	12.1737	-0.0000	26886.6969	-23.2548	0.0000	-24.1824	0.0000
5.0000	721.4658	12.6528	2066.5966	1877.0952	0.0000	-0.1023	893.6451	28246.5000	8000.0000	0.0000	30996.0000	7000.0000	0.0000	-10.2790	12.1265	-0.0000	26786.9483	-23.3789	0.0000	-24.0664	0.0000
5.1000	725.8776	12.0946	2125.2636	1919.4273	0.0000	-0.0916	892.0173	28211.5000	8000.0000	0.0000	30956.0000	7000.0000	0.0000	-10.3047	12.0798	-0.0000	26686.5536	-23.4384	0.0000	-23.9065	0.0000
5.2000	730.2527	11.5954	2184.6594	1961.4958	0.0000	-0.0818	890.3932	28176.5000	8000.0000	0.0000	30916.0000	7000.0000	0.0000	-10.3073	12.0336	-0.0000	26585.5183	-23.4402	0.0000	-23.7078	0.0000
5.3000	734.5996	11.1499	2244.7794	2003.2914	0.0000	-0.0729	888.7729	28141.5000	8000.0000	0.0000	30876.0000	7000.0000	0.0000	-10.2894	11.9880	-0.0000	26483.8480	-23.3903	0.0000	-23.4749	0.0000
5.4000	738.9260	10.7534	2305.6191	2044.8067	0.0000	-0.0648	887.1563	28106.5000	8000.0000	0.0000	30836.0000	7000.0000	0.0000	-10.2531	11.9429	-0.0000	26381.5478	-23.2944	0.0000	-23.2120	0.0000
5.5000	743.2386	10.4012	2367.1741	2086.0354	0.0000	-0.0575	885.5434	28071.5000	8000.0000	0.0000	30796.0000	7000.0000	0.0000	-10.2005	11.8985	-0.0000	26278.6228	-23.1578	0.0000	-22.9229	0.0000
5.6000	747.5432	10.0893	2429.4398	2126.9722	0.0000	-0.0508	883.9344	28036.5000	8000.0000	0.0000	30756.0000	7000.0000	0.0000	-10.1333	11.8546	-0.0000	26175.0777	-22.9852	0.0000	-22.6111	0.0000
5.7000	751.8449	9.8141	2492.4117	2167.6133	0.0000	-0.0448	882.3290	28001.5000	8000.0000	0.0000	30716.0000	7000.0000	0.0000	-10.0533	11.8113	-0.0000	26070.9167	-22.7807	0.0000	-22.2798	0.0000
5.8000	756.1481	9.5720	2556.0853	2207.9554	0.0000	-0.0393	880.7274	27966.5000	8000.0000	0.0000	30676.0000	7000.0000	0.0000	-9.9617	11.7687	-0.0000	25966.1442	-22.5483	0.0000	-21.9318	0.0000
5.9000	760.4564	9.3601	2620.4564	2247.9965	0.0000	-0.0343	879.1296	27931.5000	8000.0000	0.0000	30636.0000	7000.0000	0.0000	-9.8601	11.7266	-0.0000	25860.7641	-22.2915	0.0000	-21.5696	0.0000
6.0000	764.7727	9.1754	2685.5205	2287.7349	0.0000	-0.0298	877.5355	27896.5000	8000.0000	0.0000	30596.0000	7000.0000	0.0000	-9.7497	11.6852	-0.0000	25754.7802	-22.0135	0.0000	-21.1963	0.0000
6.1000	769.0996	9.0153	2751.2732	2327.1700	0.0000	-0.0257	875.9452	27861.5000	8000.0000	0.0000	30556.0000	7000.0000	0.0000	-9.6316	11.6444	-0.0000	25648.1962	-21.7172	0.0000	-20.8135	0.0000
6.2000	773.4389	8.8774	2817.7103	2366.3015	0.0000	-0.0221	874.3586	27826.5000	8000.0000	0.0000	30516.0000	7000.0000	0.0000	-9.5068	11.6043	-0.0000	25541.0156	-21.4053	0.0000	-20.4227	0.0000
6.3000	777.7921	8.7597	2884.8276	2405.1299	0.0000	-0.0188	872.7757	27791.5000	8000.0000	0.0000	30476.0000	7000.0000	0.0000	-9.3760	11.5648	-0.0000	25433.2416	-21.0800	0.0000	-20.0257	0.0000
6.4000	782.1605	8.6601	2952.6208	2443.6559	0.0000	-0.0158	871.1967	27756.5000	8000.0000	0.0000	30436.0000	7000.0000	0.0000	-9.2401	11.5259	-0.0000	25324.8775	-20.7436	0.0000	-19.6241	0.0000
6.5000	786.5446	8.5770	3021.0857	2481.8810	0.0000	-0.0130	869.6213	27721.5000	8000.0000	0.0000	30396.0000	7000.0000	0.0000	-9.0999	11.4877	-0.0000	25215.9265	-20.3979	0.0000	-19.2193	0.0000
6.6000	790.9451	8.5087	3090.2182	2519.8068	0.0000	-0.0106	868.0497	27686.5000	8000.0000	0.0000	30356.0000	7000.0000	0.0000	-8.9559	11.4501	-0.0000	25106.3915	-20.0445	0.0000	-18.8123	0.0000
6.7000	795.3621	8.4540	3160.0141	2557.4352	0.0000	-0.0083	866.4819	27651.5000	8000.0000	0.0000	30316.0000	7000.0000	0.0000	-8.8087	11.4131	-0.0000	24996.2756	-19.6850	0.0000	-18.4045	0.0000
6.8000	799.7956	8.4115	3230.4694	2594.7688	0.0000	-0.0063	864.9178	27616.5000	8000.0000	0.0000	30276.0000	7000.0000	0.0000	-8.6589	11.3768	-0.0000	24885.5816	-19.3207	0.0000	-17.9966	0.0000
6.9000	804.2453	8.3801	3301.5799	2631.8100	0.0000	-0.0045	863.3575	27581.5000	8000.0000	0.0000	30236.0000	7000.0000	0.0000	-8.5070	11.3412	-0.0000	24774.3124	-18.9528	0.0000	-17.5895	0.0000
7.0000	808.7108	8.3587	3373.3414	2668.5618	0.0000	-0.0028	861.8009	27546.5000	8000.0000	0.0000	30196.0000	7000.0000	0.0000	-8.3534	11.3061	-0.0000	24662.4709	-18.5824	0.0000	-17.1840	0.0000
7.1000	813.1916	8.3464	3445.7501	2705.0273	0.0000	-0.0013	860.2480	27511.5000	8000.0000	0.0000	30156.0000	7000.0000	0.0000	-8.1986	11.2717	-0.0000	24550.0596	-18.2104	0.0000	-16.7808	0.0000
7.2000	817.6870	8.3423	3518.8018	2741.2096	0.0000	0.0000	858.6990	27476.5000	8000.0000	0.0000	30116.0000	7000.0000	0.0000	-8.0427	11.2379	-0.0000	24437.0815	-17.8377	0.0000	-16.3803	0.0000
7.3000	822.1961	8.3457	3592.4923	2777.1123	0.0000	0.0013	857.1536	27441.5000	8000.0000	0.0000	30076.0000	7000.0000	0.0000	-7.8863	11.2048	-0.0000	24323.5392	-17.4650	0.0000	-15.9832	0.0000
7.4000	826.7182	8.3559	3666.8178	2812.7388	0.0000	0.0024	855.6120	27406.5000	8000.0000	0.0000	30036.0000	7000.0000	0.0000	-7.7288	11.1723	-0.0000	24209.4354	-17.0930	0.0000	-15.5757	0.0000
7.5000	831.2526	8.3722	3741.7742	2848.0930	0.0000	0.0034	854.0742	27371.5000	8000.0000	0.0000	29996.0000	7000.0000	0.0000	-7.5709	11.1404	-0.0000	24094.7729	-16.7223	0.0000	-15.1639	0.0000
7.6000	835.7983	8.3942	3817.3573	2883.1788	0.0000	0.0043	852.5401	27336.5000	8000.0000	0.0000	29956.0000	7000.0000	0.0000	-7.4131	11.1091	-0.0000	23979.5542	-16.3535	0.0000	-14.7576	0.0000
7.7000	840.3542	8.4212	3893.5632	2918.0002	0.0000	0.0052	851.0098	27301.5000	8000.0000	0.0000	29916.0000	7000.0000	0.0000	-7.2558	11.0784	-0.0000	23863.7820	-15.9870	0.0000	-14.3571	0.0000
7.8000	844.9191	8.4527	3970.3878	2952.5613	0.0000	0.0059	849.4832	27266.5000	8000.0000	0.0000	29876.0000	7000.0000	0.0000	-7.0991	11.0483	-0.0000	23747.4591	-15.6233	0.0000	-13.9627	0.0000
7.9000	849.4920	8.4885	4047.8270	2986.8663	0.0000	0.0066	847.9603	27231.5000	8000.0000	0.0000	29836.0000	7000.0000	0.0000	-6.9432	11.0188	-0.0000	23630.5882	-15.2626	0.0000	-13.5744	0.0000
8.0000	854.0718	8.5280	4125.8770	3020.9193	0.0000	0.0072	846.4413	27196.5000	8000.0000	0.0000	29796.0000	7000.0000	0.0000	-6.7883	10.9899	-0.0000	23513.1717	-14.9052	0.0000	-13.1926	0.0000
8.1000	858.6572	8.5709	4204.5335	3054.7246	0.0000	0.0078	844.9259	27161.5000	8000.0000	0.0000	29756.0000	7000.0000	0.0000	-6.6344	10.9617	-0.0000	23395.2126	-14.5515	0.0000	-12.8173	0.0000
8.2000	863.2473	8.6170	4283.7926	3088.2866	0.0000	0.0083	843.4143	27126.5000	8000.0000	0.0000	29716.0000	7000.0000	0.0000	-6.4816	10.9339	-0.0000	23276.7134	-14.2017	0.0000	-12.4485	0.0000
8.3000	867.8407	8.6659	4363.6503	3121.6095	0.0000	0.0088	841.9065	27091.5000	8000.0000	0.0000	29676.0000	7000.0000	0.0000	-6.3302	10.9068	-0.0000	23157.6769	-13.8558	0.0000	-12.0865	0.0000
8.4000	872.4365	8.7174	4444.1026	3154.6977	0.0000	0.0092	840.4024	27056.5000	8000.0000	0.0000	29636.0000	7000.0000	0.0000	-6.1801	10.8802	-0.0000	23038.1057	-13.5141	0.0000	-11.7311	0.0000
8.5000	877.0336	8.7712	4525.1454	3187.5555	0.0000	0.0096	838.9021	27021.5000	8000.0000	0.0000	29596.0000	7000.0000	0.0000	-6.0315	10.8543	-0.0000	22918.0026	-13.1767	0.0000	-11.3825	0.0000
8.6000	881.6308	8.8272	4606.7748	3220.1873	0.0000	0.0100	837.4055	26986.5000	8000.0000	0.0000	29556.0000	7000.0000	0.0000	-5.8844	10.8288	-0.0000	22797.3703	-12.8437	0.0000	-11.0407	0.0000
8.7000	886.2271	8.8852	4688.9867	3252.5976	0.0000	0.0103	835.9126	26951.5000	8000.0000	0.0000	29516.0000	7000.0000	0.0000	-5.7389	10.8040	-0.0000	22676.2115	-12.5152	0.0000	-10.7055	0.0000
8.8000	890.8216	8.9450	4771.7773	3284.7906	0.0000	0.0106	834.4236	26916.5000	8000.0000	0.0000	29476.0000	7000.0000	0.0000	-5.5951	10.7796	-0.0000	22554.5290	-12.1913	0.0000	-10.3771	0.0000
8.9000	895.4132	9.0064	4855.1424	3316.7707	0.0000	0.0109	832.9382	26881.5000	8000.0000	0.0000	29436.0000	7000.0000	0.0000	-5.4528	10.7559	-0.0000	22432.3255	-11.8719	0.0000	-10.0554	0.0000
9.0000	900.0009	9.0693	4939.0782	3348.5424	0.0000	0.0111	831.4566	26846.5000	8000.0000	0.0000	29396.0000	7000.0000	0.0000	-5.3123	10.7326	-0.0000	22309.6037	-11.5571	0.0000	-9.7402	0.0000
9.1000	904.5839	9.1336	5023.5807	3380.1099	0.0000	0.0113	829.9788	26811.5000	8000.0000	0.0000	29356.0000	7000.0000	0.0000	-5.1735	10.7099	-0.0000	22186.3665	-11.2470	0.0000	-9.4317	0.0000
9.2000	909.1612	9.1991	5108.6459	3411.4776	0.0000	0.0116	828.5047	26776.5000	8000.0000	0.0000	29316.0000	7000.0000	0.0000	-5.0365	10.6877	-0.0000	22062.6166	-10.9415	0.0000	-9.1296	0.0000
9.3000	913.7319	9.2658	5194.2699	3442.6499	0.0000	0.0117	827.0344	26741.5000	8000.0000	0.0000	29276.0000	7000.0000	0.0000	-4.9013	10.6661	-0.0000	21938.3567	-10.6406	0.0000	-8.8340	0.0000
9.4000	918.2953	9.3335	5280.4488	3473.6310	0.0000	0.0119	825.5678	26706.5000	8000.0000	0.0000	29236.0000	7000.0000	0.0000	-4.7678	10.6450	-0.0000	21813.5897	-10.3444	0.0000	-8.5447	0.0000
9.5000	922.8504	9.4022	5367.1787	3504.4252	0.0000	0.0121	824.1049	26671.5000	8000.0000	0.0000	29196.0000	7000.0000	0.0000	-4.6361	10.6243	-0.0000	21688.3183	-10.0527	0.0000	-8.2617	0.0000
9.6000	927.3967	9.4718	5454.4556	3535.0368	0.0000	0.0122	822.6459	26636.5000	8000.0000	0.0000	29156.0000	7000.0000	0.0000	-4.5063	10.6042	-0.0000	21562.5453	-9.7657	0.0000	-7.9849	0.0000
9.7000	931.9332	9.5422	5542.2758	3565.4700	0.0000	0.0124	821.1905	26601.5000	8000.0000	0.0000	29116.0000	7000.0000	0.0000	-4.3782	10.5846	-0.0000	21436.2735	-9.4832	0.0000	-7.7142	0.0000
9.8000	936.4594	9.6133	5630.6353	3595.7290	0.0000	0.0125	819.7389	26566.5000	8000.0000	0.0000	29076.0000	7000.0000	0.0000	-4.2520	10.5655	-0.0000	21309.5057	-9.2052	0.0000	-7.4495	0.0000
9.9000	940.9744	9.6851	5719.5302	3625.8181	0.0000	0.0126	818.2911	26531.5000	8000.0000	0.0000	29036.0000	7000.0000	0.0000	-4.1275	10.5468	-0.0000	21182.2447	-8.9317	0.0000	-7.1908	0.0000
10.0000	945.4778	9.7575	5808.9568	3655.7414	0.0000	0.0127	816.8470	26496.5000	8000.0000	0.0000	28996.0000	7000.0000	0.0000	-4.0049	10.5287	-0.0000	21054.4932	-8.6626	0.0000	-6.9378	0.0000
10.1000	949.9688	9.8305	5898.9112	3685.5029	0.0000	0.0128	815.4067	26461.5000	8000.0000	0.0000	28956.0000	7000.0000	0.0000	-3.8841	10.5110	-0.0000	20926.2541	-8.3979	0.0000	-6.6905	0.0000
10.2000	954.4470	9.9039	5989.3897	3715.1069	0.0000	0.0129	813.9701	26426.5000	8000.0000	0.0000	28916.0000	7000.0000	0.0000	-3.7650	10.4938	-0.0000	20797.5301	-8.1376	0.0000	-6.4489	0.0000
10.3000	958.9151	9.9778	6080.3885	3744.5574	0.0000	0.0129	812.5372	26391.5000	8000.0000	0.0000	28876.0000	7000.0000	0.0000	-3.6495	10.4771	-0.0000	20668.3241	-7.8815	0.0000	-6.2127	0.0000
10.4000	963.3929	10.0522	6171.9050	3773.8586	0.0000	0.0130	811.1082	26356.5000	8000.0000	0.0000	28836.0000	7000.0000	0.0000	-3.5375	10.4608	-0.0000	20538.6377	-7.6294	0.0000	-5.9817	0.0000
10.5000	967.8826	10.1269	6263.9382	3803.0150	0.0000	0.0131	809.6828	26321.5000	8000.0000	0.0000	28796.0000	7000.0000	0.0000	-3.4270	10.4450	-0.0000	20408.4711	-7.3814	0.0000	-5.7558	0.0000
10.6000	972.3834	10.2019	6356.4869	3832.0311	0.0000	0.0131	808.2612	26286.5000	8000.0000	0.0000	28756.0000	7000.0000	0.0000	-3.3179	10.4297	-0.0000	20277.8244	-7.1373	0.0000	-5.5348	0.0000
10.7000	976.8936	10.2772	6449.5499	3860.9111	0.0000	0.0132	806.8434	26251.5000	8000.0000	0.0000	28716.0000	7000.0000	0.0000	-3.2106	10.4148	-0.0000	20146.6979	-6.8971	0.0000	-5.3257	0.0000
10.8000	981.3947	10.3523	6543.1255	3889.6593	0.0000	0.0130	805.4293	26216.5000	8000.0000	0.0000	28676.0000	7000.0000	0.0000	-3.1064	10.4003	-0.0000	20015.0923	-6.6611	0.0000	-5.1437	0.0000
10.9000	985.8789	10.4266	6637.2102	3918.2791	0.0000	0.0129	804.0190	26181.5000	8000.0000	0.0000	28636.0000	7000.0000	0.0000	-3.0039	10.3863	-0.0000	19883.0101	-6.4299	0.0000	-4.9626	0.0000
11.0000	990.3454	10.4999	6731.8005	3946.7738	0.0000	0.0127	802.6124	26146.5000	8000.0000	0.0000	28596.0000	7000.0000	0.0000	-2.9031	10.3727	-0.0000	19750.4539	-6.2035	0.0000	-4.7840	0.0000
11.1000	994.7936	10.5725	6826.8927	3975.1468	0.0000	0.0126	801.2095	26111.5000	8000.0000	0.0000	28556.0000	7000.0000	0.0000	-2.8041	10.3595	-0.0000	19617.4268	-5.9816	0.0000	-4.6084	0.0000
11.2000	999.2226	10.6446	6922.4832	4003.4013	0.0000	0.0126	799.8105	26076.5000	8000.0000	0.0000	28516.0000	7000.0000	0.0000	-2.7066	10.3468	-0.0000	19483.9315	-5.7640	0.0000	-4.4357	0.0000
11.3000	1003.6320	10.7165	7018.5684	4031.5405	0.0000	0.0125	798.4151	26041.5000	8000.0000	0.0000	28476.0000	7000.0000	0.0000	-2.6105	10.3345	-0.0000	19349.9708	-5.5503	0.0000	-4.2658	0.0000
11.4000	1008.0212	10.7883	7115.1445	4059.5678	0.0000	0.0125	797.0235	26006.5000	8000.0000	0.0000	28436.0000	7000.0000	0.0000	-2.5157	10.3226	-0.0000	19215.5478	-5.3402	0.0000	-4.0985	0.0000
11.5000	1012.3896	10.8603	7212.2080	4087.4864	0.0000	0.0126	795.6357	25971.5000	8000.0000	0.0000	28396.0000	7000.0000	0.0000	-2.4221	10.3111	-0.0000	19080.6654	-5.1335	0.0000	-3.9338	0.0000
11.6000	1016.7366	10.9326	7309.7552	4115.2993	0.0000	0.0127	794.2516	25936.5000	8000.0000	0.0000	28356.0000	7000.0000	0.0000	-2.3296	10.3000	-0.0000	18945.3264	-4.9299	0.0000	-3.7714	0.0000
11.7000	1021.0599	11.0054	7407.7822	4143.0098	0.0000	0.0127	792.8713	25901.5000	8000.0000	0.0000	28316.0000	7000.0000	0.0000	-2.2380	10.2894	-0.0000	18809.5340	-4.7294	0.0000	-3.6113	0.0000
11.8000	1025.3586	11.0786	7506.2852	4170.6210	0.0000	0.0128	791.4947	25866.5000	8000.0000	0.0000	28276.0000	7000.0000	0.0000	-2.1474	10.2791	-0.0000	18673.2913	-4.5317	0.0000	-3.4534	0.0000
11.9000	1029.6326	11.1525	7605.2601	4198.1361	0.0000	0.0130	790.1218	25831.5000	8000.0000	0.0000	28236.0000	7000.0000	0.0000	-2.0578	10.2693	-0.0000	18536.6016	-4.3366	0.0000	-3.2976	0.0000
12.0000	1033.8813	11.2271	7704.7031	4225.5582	0.0000	0.0131	788.7528	25796.5000	8000.0000	0.0000	28196.0000	7000.0000	0.0000	-1.9691	10.2599	-0.0000	18399.4681	-4.1442	0.0000	-3.1438	0.0000
12.1000	1038.1046	11.3024	7804.6102	4252.8904	0.0000	0.0132	787.3874	25761.5000	8000.0000	0.0000	28156.0000	7000.0000	0.0000	-1.8813	10.2508	-0.0000	18261.8941	-3.9542	0.0000	-2.9919	0.0000
12.2000	1042.3023	11.3785	7904.9775	4280.1359	0.0000	0.0134	786.0258	25726.5000	8000.0000	0.0000	28116.0000	7000.0000	0.0000	-1.7943	10.2422	-0.0000	18123.8827	-3.7666	0.0000	-2.8420	0.0000
12.3000	1046.4740	11.4554	8005.8010	4307.2978	0.0000	0.0135	784.6680	25691.5000	8000.0000	0.0000	28076.0000	7000.0000	0.0000	-1.7081	10.2339	-0.0000	17985.4374	-3.5813	0.0000	-2.6940	0.0000
12.4000	1050.6196	11.5331	8107.0768	4334.3793	0.0000	0.0136	783.3139	25656.5000	8000.0000	0.0000	28036.0000	7000.0000	0.0000	-1.6228	10.2260	-0.0000	17846.5612	-3.3983	0.0000	-2.5478	0.0000
12.5000	1054.7389	11.6116	8208.8011	4361.3835	0.0000	0.0138	781.9636	25621.5000	8000.0000	0.0000	27996.0000	7000.0000	0.0000	-1.5383	10.2185	-0.0000	17707.2575	-3.2176	0.0000	-2.4034	0.0000
12.6000	1058.8328	11.6910	8310.9698	4388.3135	0.0000	0.0139	780.6170	25586.5000	8000.0000	0.0000	27956.0000	7000.0000	0.0000	-1.4548	10.2114	-0.0000	17567.5295	-3.0390	0.0000	-2.2609	0.0000
12.7000	1062.9131	11.7711	8413.5796	4415.1727	0.0000	0.0141	779.2741	25551.5000	8000.0000	0.0000	27916.0000	7000.0000	0.0000	-1.3727	10.2046	-0.0000	17427.3799	-2.8625	0.0000	-2.1201	0.0000
12.8000	1066.9821	11.8519	8516.6282	4441.9646	0.0000	0.0142	777.9351	25516.5000	8000.0000	0.0000	27876.0000	7000.0000	0.0000	-1.2912	10.1983	-0.0000	17286.8105	-2.6882	0.0000	-1.9812	0.0000
12.9000	1071.0397	11.9335	8620.1132	4468.6926	0.0000	0.0143	776.5997	25481.5000	8000.0000	0.0000	27836.0000	7000.0000	0.0000	-1.2104	10.1922	-0.0000	17145.8230	-2.5160	0.0000	-1.8440	0.0000
13.0000	1075.0855	12.0157	8724.0322	4495.3601	0.0000	0.0144	775.2681	25446.5000	8000.0000	0.0000	27796.0000	7000.0000	0.0000	-1.1304	10.1866	-0.0000	17004.4190	-2.3459	0.0000	-1.7086	0.0000
13.1000	1079.1192	12.0986	8828.3828	4521.9708	0.0000	0.0145	773.9403	25411.5000	8000.0000	0.0000	27756.0000	7000.0000	0.0000	-1.0510	10.1813	-0.0000	16862.6002	-2.1779	0.0000	-1.5750	0.0000
13.2000	1083.1404	12.1820	8933.1625	4548.5281	0.0000	0.0146	772.6162	25376.5000	8000.0000	0.0000	27716.0000	7000.0000	0.0000	-0.9724	10.1763	-0.0000	16720.3685	-2.0121	0.0000	-1.4433	0.0000
13.3000	1087.1365	12.2659	9038.3688	4575.0353	0.0000	0.0147	771.2959	25341.5000	8000.0000	0.0000	27676.0000	7000.0000	0.0000	-0.8938	10.1717	-0.0000	16577.7256	-1.8485	0.0000	-1.3133	0.0000
13.4000	1091.0940	12.3504	9143.9970	4601.4956	0.0000	0.0148	769.9793	25306.5000	8000.0000	0.0000	27636.0000	7000.0000	0.0000	-0.8160	10.1675	-0.0000	16434.6753	-1.6871	0.0000	-1.1852	0.0000
13.5000	1095.0128	12.4353	9250.0424	4627.9119	0.0000	0.0149	768.6664	25271.5000	8000.0000	0.0000	27596.0000	7000.0000	0.0000	-0.7392	10.1636	-0.0000	16291.2219	-1.5279	0.0000	-1.0588	0.0000
13.6000	1098.8931	12.5206	9356.5000	4654.2870	0.0000	0.0149	767.3574	25236.5000	8000.0000	0.0000	27556.0000	7000.0000	0.0000	-0.6632	10.1600	-0.0000	16147.3696	-1.3709	0.0000	-0.9343	0.0000
13.7000	1102.7348	12.6063	9463.3650	4680.6239	0.0000	0.0150	766.0520	25201.5000	8000.0000	0.0000	27516.0000	7000.0000	0.0000	-0.5883	10.1567	-0.0000	16003.1227	-1.2161	0.0000	-0.8115	0.0000
13.8000	1106.5379	12.6923	9570.6325	4706.9254	0.0000	0.0150	764.7504	25166.5000	8000.0000	0.0000	27476.0000	7000.0000	0.0000	-0.5142	10.1538	-0.0000	15858.4854	-1.0634	0.0000	-0.6906	0.0000
13.9000	1110.3024	12.7786	9678.2976	4733.1945	0.0000	0.0151	763.4526	25131.5000	8000.0000	0.0000	27436.0000	7000.0000	0.0000	-0.4412	10.1512	-0.0000	15713.4621	-0.9130	0.0000	-0.5720	0.0000
14.0000	1114.0285	12.8653	9786.3557	4759.4339	0.0000	0.0152	762.1585	25096.5000	8000.0000	0.0000	27396.0000	7000.0000	0.0000	-0.3692	10.1489	-0.0000	15568.0569	-0.7646	0.0000	-0.4553	0.0000
14.1000	1117.7161	12.9524	9894.8018	4785.6466	0.0000	0.0152	760.8682	25061.5000	8000.0000	0.0000	27356.0000	7000.0000	0.0000	-0.2980	10.1469	-0.0000	15422.2739	-0.6183	0.0000	-0.3400	0.0000
14.2000	1121.3653	13.0397	10003.6312	4811.8353	0.0000	0.0153	759.5816	25026.5000	8000.0000	0.0000	27316.0000	7000.0000	0.0000	-0.2277	10.1452	-0.0000	15276.1175	-0.4740	0.0000	-0.2260	0.0000
14.3000	1124.9762	13.1273	10112.8393	4838.0029	0.0000	0.0153	758.2987	24991.5000	8000.0000	0.0000	27276.0000	7000.0000	0.0000	-0.1582	10.1438	-0.0000	15129.5916	-0.3319	0.0000	-0.1133	0.0000
14.4000	1128.5489	13.2150	10222.4212	4864.1522	0.0000	0.0153	757.0197	24956.5000	8000.0000	0.0000	27236.0000	7000.0000	0.0000	-0.0897	10.1427	-0.0000	14982.7006	-0.1917	0.0000	-0.0020	0.0000
14.5000	1132.0835	13.3029	10332.3723	4890.2859	0.0000	0.0154	755.7443	24921.5000	8000.0000	0.0000	27196.0000	7000.0000	0.0000	-0.0220	10.1419	-0.0000	14835.4485	-0.0537	0.0000	0.1080	0.0000
14.6000	1135.5767	13.3909	10442.6880	4916.4068	0.0000	0.0153	754.4727	24886.5000	8000.0000	0.0000	27156.0000	7000.0000	0.0000	0.0446	10.1414	-0.0000	14687.8394	0.0821	0.0000	0.2156	0.0000
14.7000	1139.0180	13.4788	10553.3626	4942.5175	0.0000	0.0153	753.2049	24851.5000	8000.0000	0.0000	27116.0000	7000.0000	0.0000	0.1101	10.1412	-0.0000	14539.8781	0.2157	0.0000	0.3210	0.0000
14.8000	1142.4068	13.5663	10664.3902	4968.6203	0.0000	0.0153	751.9408	24816.5000	8000.0000	0.0000	27076.0000	7000.0000	0.0000	0.1744	10.1412	-0.0000	14391.5703	0.3469	0.0000	0.4245	0.0000
14.9000	1145.7435	13.6535	10775.7647	4994.7175	0.0000	0.0152	750.6805	24781.5000	8000.0000	0.0000	27036.0000	7000.0000	0.0000	0.2374	10.1415	-0.0000	14242.9213	0.4758	0.0000	0.5257	0.0000
15.0000	1149.0286	13.7404	10887.4804	5020.8114	0.0000	0.0151	749.4239	24746.5000	8000.0000	0.0000	26996.0000	7000.0000	0.0000	0.2992	10.1421	-0.0000	14093.9366	0.6022	0.0000	0.6248	0.0000
15.1000	1152.2625	13.8270	10999.5312	5046.9044	0.0000	0.0151	748.1710	24711.5000	8000.0000	0.0000	26956.0000	7000.0000	0.0000	0.3598	10.1429	-0.0000	13944.6216	0.7264	0.0000	0.7217	0.0000
15.2000	1155.4456	13.9131	11111.9114	5072.9985	0.0000	0.0150	746.9220	24676.5000	8000.0000	0.0000	26916.0000	7000.0000	0.0000	0.4192	10.1440	-0.0000	13794.9817	0.8483	0.0000	0.8165	0.0000
15.3000	1158.5783	13.9990	11224.6152	5099.0960	0.0000	0.0149	745.6766	24641.5000	8000.0000	0.0000	26876.0000	7000.0000	0.0000	0.4774	10.1453	-0.0000	13645.0220	0.9679	0.0000	0.9092	0.0000
15.4000	1161.6612	14.0844	11337.6371	5125.1990	0.0000	0.0149	744.4350	24606.5000	8000.0000	0.0000	26836.0000	7000.0000	0.0000	0.5346	10.1469	-0.0000	13494.7479	1.0854	0.0000	1.0014	0.0000
15.5000	1164.6947	14.1696	11450.9712	5151.3096	0.0000	0.0148	743.1972	24571.5000	8000.0000	0.0000	26796.0000	7000.0000	0.0000	0.5908	10.1488	-0.0000	13344.1645	1.2007	0.0000	1.0920	0.0000
15.6000	1167.6792	14.2545	11564.6121	5177.4300	0.0000	0.0148	741.9631	24536.5000	8000.0000	0.0000	26756.0000	7000.0000	0.0000	0.6459	10.1508	-0.0000	13193.2769	1.3141	0.0000	1.1810	0.0000
15.7000	1170.6153	14.3392	11678.5544	5203.5621	0.0000	0.0148	740.7328	24501.5000	8000.0000	0.0000	26716.0000	7000.0000	0.0000	0.7000	10.1531	-0.0000	13042.0901	1.4255	0.0000	1.2682	0.0000
15.8000	1173.5033	14.4236	11792.7924	5229.7079	0.0000	0.0147	739.5062	24466.5000	8000.0000	0.0000	26676.0000	7000.0000	0.0000	0.7531	10.1556	-0.0000	12890.6093	1.5349	0.0000	1.3539	0.0000
15.9000	1176.3439	14.5077	11907.3209	5255.8696	0.0000	0.0146	738.2833	24431.5000	8000.0000	0.0000	26636.0000	7000.0000	0.0000	0.8052	10.1584	-0.0000	12738.8393	1.6424	0.0000	1.4379	0.0000
16.0000	1179.1373	14.5913	12022.1345	5282.0489	0.0000	0.0146	737.0643	24396.5000	8000.0000	0.0000	26596.0000	7000.0000	0.0000	0.8562	10.1613	-0.0000	12586.7851	1.7479	0.0000	1.5204	0.0000
16.1000	1181.8843	14.6746	12137.2281	5308.2479	0.0000	0.0145	735.8489	24361.5000	8000.0000	0.0000	26556.0000	7000.0000	0.0000	0.9062	10.1645	-0.0000	12434.4515	1.8514	0.0000	1.6012	0.0000
16.2000	1184.5852	14.7575	12252.5963	5334.4683	0.0000	0.0144	734.6373	24326.5000	8000.0000	0.0000	26516.0000	7000.0000	0.0000	0.9551	10.1679	-0.0000	12281.8432	1.9530	0.0000	1.6805	0.0000
16.3000	1187.2376	14.8399	12368.2340	5360.7122	0.0000	0.0143	733.4295	24291.5000	8000.0000	0.0000	26476.0000	7000.0000	0.0000	1.0027	10.1715	-0.0000	12128.9652	2.0527	0.0000	1.7582	0.0000
16.4000	1189.8289	14.9218	12484.1353	5386.9809	0.0000	0.0143	732.2254	24256.5000	8000.0000	0.0000	26436.0000	7000.0000	0.0000	1.0489	10.1753	-0.0000	11975.8227	2.1504	0.0000	1.8345	0.0000
16.5000	1192.3584	15.0032	12600.2935	5413.2758	0.0000	0.0142	731.0251	24221.5000	8000.0000	0.0000	26396.0000	7000.0000	0.0000	1.0940	10.1792	-0.0000	11822.4222	2.2463	0.0000	1.9094	0.0000
16.6000	1194.8271	15.0842	12716.7020	5439.5983	0.0000	0.0141	729.8285	24186.5000	8000.0000	0.0000	26356.0000	7000.0000	0.0000	1.1382	10.1834	-0.0000	11668.7698	2.3404	0.0000	1.9829	0.0000
16.7000	1197.2361	15.1647	12833.3543	5465.9495	0.0000	0.0140	728.6356	24151.5000	8000.0000	0.0000	26316.0000	7000.0000	0.0000	1.1813	10.1878	-0.0000	11514.8719	2.4327	0.0000	2.0550	0.0000
16.8000	1199.5862	15.2448	12950.2441	5492.3308	0.0000	0.0139	727.4466	24116.5000	8000.0000	0.0000	26276.0000	7000.0000	0.0000	1.2235	10.1923	-0.0000	11360.7344	2.5232	0.0000	2.1258	0.0000
16.9000	1201.8785	15.3245	13067.3651	5518.7432	0.0000	0.0139	726.2612	24081.5000	8000.0000	0.0000	26236.0000	7000.0000	0.0000	1.2646	10.1970	-0.0000	11206.3633	2.6122	0.0000	2.1953	0.0000
17.0000	1204.1138	15.4038	13184.7111	5545.1880	0.0000	0.0138	725.0796	24046.5000	8000.0000	0.0000	26196.0000	7000.0000	0.0000	1.3049	10.2019	-0.0000	11051.7645	2.6995	0.0000	2.2635	0.0000
17.1000	1206.2931	15.4826	13302.2761	5571.6664	0.0000	0.0137	723.9018	24011.5000	8000.0000	0.0000	26156.0000	7000.0000	0.0000	1.3443	10.2070	-0.0000	10896.9437	2.7852	0.0000	2.3305	0.0000
17.2000	1208.4173	15.5611	13420.0542	5598.1793	0.0000	0.0137	722.7277	23976.5000	8000.0000	0.0000	26116.0000	7000.0000	0.0000	1.3827	10.2122	-0.0000	10741.9067	2.8694	0.0000	2.3963	0.0000
17.3000	1210.4875	15.6392	13538.0395	5624.7279	0.0000	0.0136	721.5574	23941.5000	8000.0000	0.0000	26076.0000	7000.0000	0.0000	1.4203	10.2176	-0.0000	10586.6589	2.9520	0.0000	2.4609	0.0000
17.4000	1212.5044	15.7169	13656.2262	5651.3133	0.0000	0.0135	720.3908	23906.5000	8000.0000	0.0000	26036.0000	7000.0000	0.0000	1.4570	10.2231	-0.0000	10431.2059	3.0333	0.0000	2.5243	0.0000
17.5000	1214.4692	15.7942	13774.6087	5677.9365	0.0000	0.0135	719.2279	23871.5000	8000.0000	0.0000	25996.0000	7000.0000	0.0000	1.4930	10.2288	-0.0000	10275.5531	3.1130	0.0000	2.5867	0.0000
17.6000	1216.3887	15.8712	13893.1818	5704.5986	0.0000	0.0134	718.0689	23836.5000	8000.0000	0.0000	25956.0000	7000.0000	0.0000	1.5286	10.2347	-0.0000	10119.7055	3.1914	0.0000	2.6478	0.0000
17.7000	1218.2760	15.8044	14011.9410	5731.2991	0.0000	-0.2173	716.9135	23801.5000	8000.0000	0.0000	25916.0000	7000.0000	0.0000	1.0369	6.0881	-0.0000	11987.5534	3.2238	0.0000	-13.2573	0.0000
17.8000	1220.3552	13.4647	14130.8983	5758.0038	0.0000	-0.5521	715.7619	23766.5000	8000.0000	0.0000	25876.0000	7000.0000	0.0000	0.2936	6.0411	-0.0000	11826.6854	1.1338	0.0000	-7.0967	0.0000
17.9000	1222.5686	10.1285	14250.0888	5784.6679	0.0000	-0.5886	714.6141	23731.5000	8000.0000	0.0000	25836.0000	7000.0000	0.0000	-1.1704	5.9931	-0.0000	11665.6004	-2.1131	0.0000	-6.4658	0.0000
18.0000	1224.2428	6.8858	14369.5130	5811.2067	0.0000	-0.5305	713.4700	23696.5000	8000.0000	0.0000	25796.0000	7000.0000	0.0000	-2.5905	5.9445	-0.0000	11504.3005	-5.2868	0.0000	-7.4822	0.0000
18.1000	1225.3013	4.0489	14489.1288	5837.5251	0.0000	-0.4509	712.3297	23661.5000	8000.0000	0.0000	25756.0000	7000.0000	0.0000	-3.7745	5.8956	-0.0000	11342.8359	-8.0332	0.0000	-8.7794	0.0000
18.2000	1225.9820	1.6711	14608.8978	5863.5430	0.0000	-0.3722	711.1931	23626.5000	8000.0000	0.0000	25716.0000	7000.0000	0.0000	-4.7662	5.8469	-0.0000	11181.2545	-10.2907	0.0000	-9.9596	0.0000
18.3000	1226.4635	-0.2745	14728.8055	5889.1974	0.0000	-0.3012	710.0602	23591.5000	8000.0000	0.0000	25676.0000	7000.0000	0.0000	-5.5410	5.7987	-0.0000	11019.5785	-12.0870	0.0000	-10.9145	0.0000
18.4000	1226.7653	-1.8365	14848.8415	5914.4388	0.0000	-0.2393	708.9312	23556.5000	8000.0000	0.0000	25636.0000	7000.0000	0.0000	-6.1276	5.7513	-0.0000	10857.8228	-13.4758	0.0000	-11.6339	0.0000
18.5000	1226.9177	-3.0659	14968.9951	5939.2295	0.0000	-0.1859	707.8058	23521.5000	8000.0000	0.0000	25596.0000	7000.0000	0.0000	-6.5557	5.7049	-0.0000	10696.0012	-14.5130	0.0000	-12.1382	0.0000
18.6000	1226.9545	-4.0096	15089.2564	5963.5415	0.0000	-0.1402	706.6842	23486.5000	8000.0000	0.0000	25556.0000	7000.0000	0.0000	-6.8516	5.6597	-0.0000	10534.1257	-15.2501	0.0000	-12.4552	0.0000
18.7000	1226.9097	-4.7090	15209.6170	5987.3555	0.0000	-0.1011	705.5664	23451.5000	8000.0000	0.0000	25516.0000	7000.0000	0.0000	-7.0376	5.6158	-0.0000	10372.2058	-15.7323	0.0000	-12.6118	0.0000
18.8000	1226.8146	-5.2002	15330.0704	6010.6589	0.0000	-0.0679	704.4523	23416.5000	8000.0000	0.0000	25476.0000	7000.0000	0.0000	-7.1323	5.5735	-0.0000	10210.2489	-15.9990	0.0000	-12.6327	0.0000
18.9000	1226.6967	-5.5140	15450.6118	6033.4455	0.0000	-0.0396	703.3420	23381.5000	8000.0000	0.0000	25436.0000	7000.0000	0.0000	-7.1510	5.5328	-0.0000	10048.2595	-16.0839	0.0000	-12.5389	0.0000
19.0000	1226.5794	-5.6770	15571.2378	6055.7134	0.0000	-0.0155	702.2354	23346.5000	8000.0000	0.0000	25396.0000	7000.0000	0.0000	-7.1063	5.4938	-0.0000	9886.2404	-16.0158	0.0000	-12.3490	0.0000
19.1000	1226.4818	-5.7118	15691.9469	6077.4651	0.0000	0.0049	701.1325	23311.5000	8000.0000	0.0000	25356.0000	7000.0000	0.0000	-7.0086	5.4566	-0.0000	9724.1924	-15.8194	0.0000	-12.0786	0.0000
19.2000	1226.4188	-5.6379	15812.7384	6098.7064	0.0000	0.0222	700.0335	23276.5000	8000.0000	0.0000	25316.0000	7000.0000	0.0000	-6.8665	5.4212	-0.0000	9562.1149	-15.5156	0.0000	-11.7413	0.0000
19.3000	1226.4018	-5.4719	15933.6127	6119.4459	0.0000	0.0368	698.9381	23241.5000	8000.0000	0.0000	25276.0000	7000.0000	0.0000	-6.6875	5.3877	-0.0000	9400.0060	-15.1226	0.0000	-11.3486	0.0000
19.4000	1226.4389	-5.2278	16054.5709	6139.6944	0.0000	0.0493	697.8465	23206.5000	8000.0000	0.0000	25236.0000	7000.0000	0.0000	-6.4777	5.3561	-0.0000	9237.8630	-14.6555	0.0000	-10.9104	0.0000
19.5000	1226.5352	-4.9176	16175.6146	6159.4647	0.0000	0.0598	696.7587	23171.5000	8000.0000	0.0000	25196.0000	7000.0000	0.0000	-6.2421	5.3264	-0.0000	9075.6823	-14.1273	0.0000	-10.4350	0.0000
19.6000	1226.6938	-4.5518	16296.7457	6178.7712	0.0000	0.0686	695.6746	23136.5000	8000.0000	0.0000	25156.0000	7000.0000	0.0000	-5.9854	5.2987	-0.0000	8913.4604	-13.5493	0.0000	-9.9298	0.0000
19.7000	1226.9152	-4.1390	16417.9663	6197.6294	0.0000	0.0760	694.5943	23101.5000	8000.0000	0.0000	25116.0000	7000.0000	0.0000	-5.7113	5.2729	-0.0000	8751.1929	-12.9309	0.0000	-9.4008	0.0000
19.8000	1227.1987	-3.6868	16539.2786	6216.0561	0.0000	0.0822	693.5177	23066.5000	8000.0000	0.0000	25076.0000	7000.0000	0.0000	-5.4231	5.2491	-0.0000	8588.8760	-12.2802	0.0000	-8.8534	0.0000
19.9000	1227.5420	-3.2018	16660.6844	6234.0687	0.0000	0.0874	692.4448	23031.5000	8000.0000	0.0000	25036.0000	7000.0000	0.0000	-5.1236	5.2273	-0.0000	8426.5055	-11.6042	0.0000	-8.2922	0.0000
20.0000	1227.9418	-2.6893	16782.1856	6251.6853	0.0000	0.0917	691.3758	22996.5000	8000.0000	0.0000	24996.0000	7000.0000	0.0000	-4.8153	5.2074	-0.0000	8264.0775	-10.9088	0.0000	-7.7210	0.0000
20.1000	1228.3939	-2.1544	16903.7837	6268.9247	0.0000	0.0952	690.3104	22961.5000	8000.0000	0.0000	24956.0000	7000.0000	0.0000	-4.5005	5.1895	-0.0000	8101.5884	-10.1992	0.0000	-7.1431	0.0000
20.2000	1228.8937	-1.6011	17025.4799	6285.8056	0.0000	0.0981	689.2488	22926.5000	8000.0000	0.0000	24916.0000	7000.0000	0.0000	-4.1810	5.1734	-0.0000	7939.0351	-9.4797	0.0000	-6.5616	0.0000
20.3000	1229.4358	-1.0329	17147.2751	6302.3476	0.0000	0.1004	688.1910	22891.5000	8000.0000	0.0000	24876.0000	7000.0000	0.0000	-3.8585	5.1593	-0.0000	7776.4145	-8.7540	0.0000	-5.9789	0.0000
20.4000	1230.0147	-0.4532	17269.1697	6318.5698	0.0000	0.1021	687.1369	22856.5000	8000.0000	0.0000	24836.0000	7000.0000	0.0000	-3.5344	5.1470	-0.0000	7613.7243	-8.0256	0.0000	-5.3971	0.0000
20.5000	1230.6808	0.1354	17391.1654	6334.4918	0.0000	0.1034	686.0866	22821.5000	8000.0000	0.0000	24796.0000	7000.0000	0.0000	-3.2240	5.1366	-0.0000	7450.9614	-7.2969	0.0000	-4.8173	0.0000
20.6000	1231.4809	0.7307	17513.2706	6350.1331	0.0000	0.1044	685.0400	22786.5000	8000.0000	0.0000	24756.0000	7000.0000	0.0000	-2.9119	5.1280	-0.0000	7288.1157	-6.5699	0.0000	-4.2403	0.0000
20.7000	1232.4077	1.3309	17635.4955	6365.5132	0.0000	0.1051	683.9971	22751.5000	8000.0000	0.0000	24716.0000	7000.0000	0.0000	-2.5986	5.1212	-0.0000	7125.1756	-5.8465	0.0000	-3.6682	0.0000
20.8000	1233.4539	1.9342	17757.8494	6380.6520	0.0000	0.1055	682.9581	22716.5000	8000.0000	0.0000	24676.0000	7000.0000	0.0000	-2.2850	5.1162	-0.0000	6962.1297	-5.1286	0.0000	-3.1024	0.0000
20.9000	1234.6075	2.5394	17880.3409	6395.5690	0.0000	0.1057	681.9227	22681.5000	8000.0000	0.0000	24636.0000	7000.0000	0.0000	-1.9710	5.1129	-0.0000	6798.9675	-4.4175	0.0000	-2.5444	0.0000
21.0000	1235.8539	3.1448	18002.9773	6410.2840	0.0000	0.1056	680.8911	22646.5000	8000.0000	0.0000	24596.0000	7000.0000	0.0000	-1.6584	5.1113	-0.0000	6635.6798	-3.7149	0.0000	-1.9955	0.0000
21.1000	1237.1867	3.7491	18125.7649	6424.8167	0.0000	0.1053	679.8633	22611.5000	8000.0000	0.0000	24556.0000	7000.0000	0.0000	-1.3485	5.1114	-0.0000	6472.2586	-3.0222	0.0000	-1.4566	0.0000
21.2000	1238.6470	4.3508	18248.7111	6439.1868	0.0000	0.1047	678.8392	22576.5000	8000.0000	0.0000	24516.0000	7000.0000	0.0000	-1.0444	5.1131	-0.0000	6308.6950	-2.3406	0.0000	-0.9286	0.0000
21.3000	1240.2347	4.9486	18371.8274	6453.4139	0.0000	0.1039	677.8189	22541.5000	8000.0000	0.0000	24476.0000	7000.0000	0.0000	-0.7404	5.1164	-0.0000	6144.9761	-1.6716	0.0000	-0.4130	0.0000
21.4000	1241.8487	5.5411	18495.1193	6467.5177	0.0000	0.1028	676.8023	22506.5000	8000.0000	0.0000	24436.0000	7000.0000	0.0000	-0.4397	5.1212	-0.0000	5981.0935	-1.0166	0.0000	0.0891	0.0000
21.5000	1243.4705	6.1274	18618.5860	6481.5165	0.0000	0.1018	675.7894	22471.5000	8000.0000	0.0000	24396.0000	7000.0000	0.0000	-0.1452	5.1275	-0.0000	5817.0463	-0.3764	0.0000	0.5904	0.0000
21.6000	1245.0874	6.7083	18742.2259	6495.4286	0.0000	0.1007	674.7804	22436.5000	8000.0000	0.0000	24356.0000	7000.0000	0.0000	0.1432	5.1352	-0.0000	5652.8344	0.2500	0.0000	1.0623	0.0000
21.7000	1246.6374	7.2799	18866.0335	6509.2714	0.0000	0.0984	673.7750	22401.5000	8000.0000	0.0000	24316.0000	7000.0000	0.0000	0.4217	5.1442	-0.0000	5488.4610	0.8594	0.0000	1.5023	0.0000
21.8000	1248.1075	7.8372	18989.9995	6523.0614	0.0000	0.0959	672.7734	22366.5000	8000.0000	0.0000	24276.0000	7000.0000	0.0000	0.6892	5.1545	-0.0000	5323.9340	1.4469	0.0000	1.9451	0.0000
21.9000	1249.4962	8.3802	19114.1137	6536.8143	0.0000	0.0934	671.7756	22331.5000	8000.0000	0.0000	24236.0000	7000.0000	0.0000	0.9453	5.1661	-0.0000	5159.2620	2.0124	0.0000	2.3711	0.0000
22.0000	1250.7439	8.9093	19238.3647	6550.5447	0.0000	0.0910	670.7815	22296.5000	8000.0000	0.0000	24196.0000	7000.0000	0.0000	1.1856	5.1789	-0.0000	4994.4548	2.5568	0.0000	2.7783	0.0000
22.1000	1251.8092	9.4242	19362.7339	6564.2656	0.0000	0.0885	669.7912	22261.5000	8000.0000	0.0000	24156.0000	7000.0000	0.0000	1.4132	5.1928	-0.0000	4829.5290	3.0805	0.0000	3.1692	0.0000
22.2000	1252.7266	9.9249	19487.2028	6577.9892	0.0000	0.0860	668.8046	22226.5000	8000.0000	0.0000	24116.0000	7000.0000	0.0000	1.6320	5.2077	-0.0000	4664.5025	3.5835	0.0000	3.5437	0.0000
22.3000	1253.5273	10.4110	19611.7571	6591.7273	0.0000	0.0834	667.8217	22191.5000	8000.0000	0.0000	24076.0000	7000.0000	0.0000	1.8397	5.2237	-0.0000	4499.3888	4.0661	0.0000	3.9017	0.0000
22.4000	1254.2140	10.8824	19736.3839	6605.4916	0.0000	0.0809	666.8427	22156.5000	8000.0000	0.0000	24036.0000	7000.0000	0.0000	2.0364	5.2407	-0.0000	4334.1997	4.5282	0.0000	4.2437	0.0000
22.5000	1254.7897	11.3391	19861.0706	6619.2928	0.0000	0.0783	665.8673	22121.5000	8000.0000	0.0000	23996.0000	7000.0000	0.0000	2.2224	5.2586	-0.0000	4168.9468	4.9702	0.0000	4.5701	0.0000
22.6000	1255.2541	11.7809	19985.8050	6633.1410	0.0000	0.0757	664.8957	22086.5000	8000.0000	0.0000	23956.0000	7000.0000	0.0000	2.3973	5.2774	-0.0000	4003.6414	5.3923	0.0000	4.8813	0.0000
22.7000	1255.6071	12.2080	20110.5748	6647.0457	0.0000	0.0731	663.9279	22051.5000	8000.0000	0.0000	23916.0000	7000.0000	0.0000	2.5620	5.2970	-0.0000	3838.2949	5.7950	0.0000	5.1779	0.0000
22.8000	1255.8527	12.6206	20235.3680	6661.0156	0.0000	0.0706	662.9638	22016.5000	8000.0000	0.0000	23876.0000	7000.0000	0.0000	2.7169	5.3175	-0.0000	3672.9185	6.1786	0.0000	5.4604	0.0000
22.9000	1255.9950	13.0190	20360.1729	6675.0588	0.0000	0.0682	662.0035	21981.5000	8000.0000	0.0000	23836.0000	7000.0000	0.0000	2.8624	5.3387	-0.0000	3507.5230	6.5439	0.0000	5.7293	0.0000
23.0000	1256.0381	13.4037	20484.9785	6689.1830	0.0000	0.0659	661.0469	21946.5000	8000.0000	0.0000	23796.0000	7000.0000	0.0000	2.9990	5.3606	-0.0000	3342.1188	6.8916	0.0000	5.9854	0.0000
23.1000	1255.9861	13.7751	20609.7740	6703.3954	0.0000	0.0636	660.0940	21911.5000	8000.0000	0.0000	23756.0000	7000.0000	0.0000	3.1271	5.3832	-0.0000	3176.7158	7.2222	0.0000	6.2292	0.0000
23.2000	1255.8431	14.1339	20734.5494	6717.7023	0.0000	0.0614	659.1450	21876.5000	8000.0000	0.0000	23716.0000	7000.0000	0.0000	3.2472	5.4065	-0.0000	3011.3237	7.5368	0.0000	6.4616	0.0000
23.3000	1255.6132	14.4807	20859.2948	6732.1101	0.0000	0.0594	658.1996	21841.5000	8000.0000	0.0000	23676.0000	7000.0000	0.0000	3.3598	5.4305	-0.0000	2845.9515	7.8360	0.0000	6.6833	0.0000
23.4000	1255.3053	14.8162	20984.0009	6746.6244	0.0000	0.0575	657.2580	21806.5000	8000.0000	0.0000	23636.0000	7000.0000	0.0000	3.4682	5.4551	-0.0000	2680.6080	8.1210	0.0000	6.8950	0.0000
23.5000	1254.9552	15.1411	21108.6608	6761.2509	0.0000	0.0557	656.3202	21771.5000	8000.0000	0.0000	23596.0000	7000.0000	0.0000	3.5736	5.4802	-0.0000	2515.2999	8.3923	0.0000	7.0948	0.0000
23.6000	1254.5696	15.4558	21233.2700	6775.9956	0.0000	0.0539	655.3861	21736.5000	8000.0000	0.0000	23556.0000	7000.0000	0.0000	3.6727	5.5060	-0.0000	2350.0311	8.6504	0.0000	7.2832	0.0000
23.7000	1254.1496	15.7602	21357.8240	6790.8641	0.0000	0.0521	654.4558	21701.5000	8000.0000	0.0000	23516.0000	7000.0000	0.0000	3.7657	5.5323	-0.0000	2184.8055	8.8955	0.0000	7.4608	0.0000
23.8000	1253.6962	16.0543	21482.3187	6805.8617	0.0000	0.0503	653.5292	21666.5000	8000.0000	0.0000	23476.0000	7000.0000	0.0000	3.8526	5.5590	-0.0000	2019.6265	9.1276	0.0000	7.6280	0.0000
23.9000	1253.2106	16.3378	21606.7500	6820.9933	0.0000	0.0485	652.6063	21631.5000	8000.0000	0.0000	23436.0000	7000.0000	0.0000	3.9335	5.5863	-0.0000	1854.4977	9.3469	0.0000	7.7848	0.0000
24.0000	1252.6941	16.6108	21731.1142	6836.2633	0.0000	0.0466	651.6873	21596.5000	8000.0000	0.0000	23396.0000	7000.0000	0.0000	4.0085	5.6140	-0.0000	1689.4224	9.5534	0.0000	7.9312	0.0000
24.1000	1252.1477	16.8730	21855.4073	6851.6759	0.0000	0.0447	650.7719	21561.5000	8000.0000	0.0000	23356.0000	7000.0000	0.0000	4.0777	5.6422	-0.0000	1524.4040	9.7470	0.0000	8.0674	0.0000
24.2000	1251.5729	17.1243	21979.6258	6867.2348	0.0000	0.0428	649.8603	21526.5000	8000.0000	0.0000	23316.0000	7000.0000	0.0000	4.1410	5.6707	-0.0000	1359.4454	9.9279	0.0000	8.1935	0.0000
24.3000	1250.9711	17.3647	22103.7662	6882.9436	0.0000	0.0409	648.9525	21491.5000	8000.0000	0.0000	23276.0000	7000.0000	0.0000	4.1987	5.6996	-0.0000	1194.5498	10.0961	0.0000	8.3095	0.0000
24.4000	1250.3435	17.5942	22227.8254	6898.8053	0.0000	0.0390	648.0484	21456.5000	8000.0000	0.0000	23236.0000	7000.0000	0.0000	4.2508	5.7289	-0.0000	1029.7198	10.2518	0.0000	8.4159	0.0000
24.5000	1249.6916	17.8127	22351.8002	6914.8228	0.0000	0.0371	647.1481	21421.5000	8000.0000	0.0000	23196.0000	7000.0000	0.0000	4.2975	5.7585	-0.0000	864.9583	10.3951	0.0000	8.5135	0.0000
24.6000	1249.0168	18.0205	22475.6876	6930.9984	0.0000	0.0353	646.2515	21386.5000	8000.0000	0.0000	23156.0000	7000.0000	0.0000	4.3390	5.7885	-0.0000	700.2678	10.5263	0.0000	8.6050	0.0000
24.7000	1248.3205	18.2188	22599.4849	6947.3343	0.0000	0.0338	645.3586	21351.5000	8000.0000	0.0000	23116.0000	7000.0000	0.0000	4.3761	5.8189	-0.0000	535.6507	10.6466	0.0000	8.6987	0.0000
24.8000	1247.6036	18.4107	22723.1896	6963.8324	0.0000	0.0335	644.4696	21316.5000	8000.0000	0.0000	23076.0000	7000.0000	0.0000	4.4110	5.8499	-0.0000	371.1093	10.7590	0.0000	8.8309	0.0000
24.9000	1246.8658	18.6112	22846.7989	6980.4947	0.0000	0.0392	643.5842	21281.5000	8000.0000	0.0000	23036.0000	7000.0000	0.0000	4.4568	5.8825	-0.0000	206.6458	10.8759	0.0000	9.2697	0.0000
25.0000	1246.0818	18.9760	22970.3097	6997.3251	0.0000	0.1935	642.7026	21246.5000	8000.0000	0.0000	22996.0000	7000.0000	0.0000	5.0481	5.9296	-0.0000	42.2628	11.1041	0.0000	25.8288	0.0000
25.0100	1245.9908	19.0869	22982.6550	6999.0183	0.0000	0.2750	642.6147	21243.0000	8000.0000	0.0000	22992.0000	7000.0000	0.0000	5.2001	5.9443	-0.0000	25.8292	11.1660	0.0000	30.0000	0.0000
