0	350.966	45.0000	2.4749	2.4749	0.0000	0.0000	979.8183	29996.5000	8000.0000	0.0000	32996.0000	7000.0000	0.0000	-0.0000	45.0000	-0.0000	30000.0000	-0.0000	0.0000	0.0000	0.0000
0.1000	360.5789	45.0003	27.6252	27.5713	0.0000	0.0002	978.0029	29961.5000	8000.0000	0.0000	32956.0000	7000.0000	0.0000	0.0477	45.0001	-0.0000	29964.5664	0.1104	0.0000	0.1608	0.0000
0.2000	370.1084	45.0022	53.5012	53.2961	0.0000	0.0005	976.1913	29926.5000	8000.0000	0.0000	32916.0000	7000.0000	0.0000	0.0934	45.0003	-0.0000	29928.1745	0.2157	0.0000	0.2961	0.0000
0.3000	379.5542	45.0062	80.0964	79.6435	0.0000	0.0010	974.3835	29891.5000	8000.0000	0.0000	32876.0000	7000.0000	0.0000	0.1376	45.0006	-0.0000	29890.8329	0.3172	0.0000	0.4178	0.0000
0.4000	388.9280	45.0128	107.4049	106.6084	0.0000	0.0014	972.5794	29856.5000	8000.0000	0.0000	32836.0000	7000.0000	0.0000	0.1808	45.0010	-0.0000	29852.5496	0.4156	0.0000	0.5322	0.0000
0.5000	398.2305	45.0219	135.4210	134.1861	0.0000	0.0018	970.7791	29821.5000	8000.0000	0.0000	32796.0000	7000.0000	0.0000	0.2231	45.0016	-0.0000	29813.3319	0.5111	0.0000	0.6428	0.0000
0.6000	407.4609	45.0333	164.1392	162.3720	0.0000	0.0022	968.9825	29786.5000	8000.0000	0.0000	32756.0000	7000.0000	0.0000	0.2645	45.0023	-0.0000	29773.1869	0.6041	0.0000	0.7516	0.0000
0.7000	416.6180	45.0469	193.5535	191.1617	0.0000	0.0026	967.1896	29751.5000	8000.0000	0.0000	32716.0000	7000.0000	0.0000	0.3047	45.0032	-0.0000	29732.1221	0.6945	0.0000	0.8536	0.0000
0.8000	425.7006	45.0624	223.6581	220.5503	0.0000	0.0029	965.4006	29716.5000	8000.0000	0.0000	32676.0000	7000.0000	0.0000	0.3438	45.0041	-0.0000	29690.1449	0.7825	0.0000	0.9528	0.0000
0.9000	434.7076	45.0796	254.4471	250.5332	0.0000	0.0031	963.6152	29681.5000	8000.0000	0.0000	32636.0000	7000.0000	0.0000	0.3821	45.0052	-0.0000	29647.2628	0.8680	0.0000	1.0498	0.0000
1.0000	443.6381	45.0982	285.9142	281.1058	0.0000	0.0034	961.8336	29646.5000	8000.0000	0.0000	32596.0000	7000.0000	0.0000	0.4194	45.0065	-0.0000	29603.4835	0.9510	0.0000	1.1444	0.0000
1.1000	452.4912	45.1181	318.0534	312.2632	0.0000	0.0036	960.0558	29611.5000	8000.0000	0.0000	32556.0000	7000.0000	0.0000	0.4557	45.0078	-0.0000	29558.8146	1.0316	0.0000	1.2372	0.0000
1.2000	461.2661	45.1390	350.8584	344.0007	0.0000	0.0038	958.2817	29576.5000	8000.0000	0.0000	32516.0000	7000.0000	0.0000	0.4911	45.0093	-0.0000	29513.2641	1.1098	0.0000	1.3283	0.0000
1.3000	469.9618	45.1610	384.3227	376.3135	0.0000	0.0039	956.5114	29541.5000	8000.0000	0.0000	32476.0000	7000.0000	0.0000	0.5255	45.0108	-0.0000	29466.8397	1.1857	0.0000	1.4173	0.0000
1.4000	478.5778	45.1837	418.4401	409.1966	0.0000	0.0040	954.7448	29506.5000	8000.0000	0.0000	32436.0000	7000.0000	0.0000	0.5591	45.0126	-0.0000	29419.5495	1.2592	0.0000	1.5043	0.0000
1.5000	487.1134	45.2072	453.2039	442.6454	0.0000	0.0042	952.9819	29471.5000	8000.0000	0.0000	32396.0000	7000.0000	0.0000	0.5917	45.0144	-0.0000	29371.4015	1.3306	0.0000	1.5892	0.0000
1.6000	495.5678	45.2313	488.6077	476.6548	0.0000	0.0043	951.2229	29436.5000	8000.0000	0.0000	32356.0000	7000.0000	0.0000	0.6234	45.0163	-0.0000	29322.4037	1.3997	0.0000	1.6721	0.0000
1.7000	503.9406	45.2560	524.6449	511.2199	0.0000	0.0043	949.4675	29401.5000	8000.0000	0.0000	32316.0000	7000.0000	0.0000	0.6543	45.0184	-0.0000	29272.5644	1.4667	0.0000	1.7531	0.0000
1.8000	512.2336	45.2811	561.3089	546.3358	0.0000	0.0044	947.7159	29366.5000	8000.0000	0.0000	32276.0000	7000.0000	0.0000	0.6845	45.0205	-0.0000	29221.8916	1.5317	0.0000	1.8248	0.0000
1.9000	520.4589	45.3066	598.5936	581.9981	0.0000	0.0045	945.9681	29331.5000	8000.0000	0.0000	32236.0000	7000.0000	0.0000	0.7141	45.0228	-0.0000	29170.3930	1.5946	0.0000	1.8858	0.0000
2.0000	528.6190	45.3324	636.4934	618.2030	0.0000	0.0045	944.2240	29296.5000	8000.0000	0.0000	32196.0000	7000.0000	0.0000	0.7429	45.0252	-0.0000	29118.0752	1.6556	0.0000	1.9438	0.0000
2.1000	536.7144	45.3586	675.0028	654.9468	0.0000	0.0046	942.4837	29261.5000	8000.0000	0.0000	32156.0000	7000.0000	0.0000	0.7710	45.0277	-0.0000	29064.9446	1.7147	0.0000	1.9992	0.0000
2.2000	544.7459	45.3850	714.1166	692.2257	0.0000	0.0046	940.7471	29226.5000	8000.0000	0.0000	32116.0000	7000.0000	0.0000	0.7984	45.0303	-0.0000	29011.0077	1.7719	0.0000	2.0520	0.0000
2.3000	552.7141	45.4117	753.8293	730.0362	0.0000	0.0047	939.0142	29191.5000	8000.0000	0.0000	32076.0000	7000.0000	0.0000	0.8251	45.0330	-0.0000	28956.2709	1.8273	0.0000	2.1024	0.0000
2.4000	560.6199	45.4385	794.1356	768.3748	0.0000	0.0047	937.2852	29156.5000	8000.0000	0.0000	32036.0000	7000.0000	0.0000	0.8511	45.0358	-0.0000	28900.7405	1.8810	0.0000	2.1504	0.0000
2.5000	568.4639	45.4655	835.0302	807.2378	0.0000	0.0047	935.5598	29121.5000	8000.0000	0.0000	31996.0000	7000.0000	0.0000	0.8764	45.0387	-0.0000	28844.4227	1.9331	0.0000	2.1962	0.0000
2.6000	576.2471	45.4927	876.5080	846.6219	0.0000	0.0047	933.8382	29086.5000	8000.0000	0.0000	31956.0000	7000.0000	0.0000	0.9011	45.0418	-0.0000	28787.3236	1.9834	0.0000	2.2398	0.0000
2.7000	583.9691	45.5198	918.5638	886.5236	0.0000	0.0048	932.1204	29051.5000	8000.0000	0.0000	31916.0000	7000.0000	0.0000	0.9250	45.0449	-0.0000	28729.4493	2.0322	0.0000	2.2813	0.0000
2.8000	591.6282	45.5471	961.1923	926.9394	0.0000	0.0048	930.4063	29016.5000	8000.0000	0.0000	31876.0000	7000.0000	0.0000	0.9483	45.0481	-0.0000	28670.8059	2.0795	0.0000	2.3208	0.0000
2.9000	599.2250	45.5744	1004.3883	967.8659	0.0000	0.0048	928.6960	28981.5000	8000.0000	0.0000	31836.0000	7000.0000	0.0000	0.9709	45.0514	-0.0000	28611.3997	2.1252	0.0000	2.3585	0.0000
3.0000	606.7604	45.6017	1048.1465	1009.2994	0.0000	0.0048	926.9894	28946.5000	8000.0000	0.0000	31796.0000	7000.0000	0.0000	0.9930	45.0548	-0.0000	28551.2369	2.1695	0.0000	2.3940	0.0000
3.1000	614.2700	44.4066	1092.4724	1051.2270	0.0000	-0.3846	925.2865	28911.5000	8000.0000	0.0000	31756.0000	7000.0000	0.0000	0.3675	13.6407	-0.0000	28634.6644	1.2290	0.0000	-17.8103	0.0000
3.2000	621.7697	41.8742	1137.3878	1093.6241	0.0000	-0.4832	923.5875	28876.5000	8000.0000	0.0000	31716.0000	7000.0000	0.0000	-0.6668	13.5959	-0.0000	28547.0825	-1.1610	0.0000	-13.8222	0.0000
3.3000	629.0722	39.0781	1182.9226	1136.4480	0.0000	-0.4852	921.8921	28841.5000	8000.0000	0.0000	31676.0000	7000.0000	0.0000	-1.8529	13.5503	-0.0000	28458.8175	-3.8228	0.0000	-13.9221	0.0000
3.4000	636.0550	36.3588	1229.1001	1179.6327	0.0000	-0.4591	920.2005	28806.5000	8000.0000	0.0000	31636.0000	7000.0000	0.0000	-2.9822	13.5039	-0.0000	28369.8619	-6.3708	0.0000	-15.0914	0.0000
3.5000	642.7231	33.8131	1275.9392	1223.1104	0.0000	-0.4256	918.5127	28771.5000	8000.0000	0.0000	31596.0000	7000.0000	0.0000	-4.0056	13.4570	-0.0000	28280.2134	-8.7005	0.0000	-16.4505	0.0000
3.6000	649.1796	31.4629	1323.4581	1266.8198	0.0000	-0.3914	916.8286	28736.5000	8000.0000	0.0000	31556.0000	7000.0000	0.0000	-4.9304	13.4096	-0.0000	28189.8697	-10.7910	0.0000	-17.7356	0.0000
3.7000	655.4477	29.3056	1371.6774	1310.7076	0.0000	-0.3586	915.1483	28701.5000	8000.0000	0.0000	31516.0000	7000.0000	0.0000	-5.7462	13.3619	-0.0000	28098.8235	-12.6489	0.0000	-18.8726	0.0000
3.8000	661.5246	27.3312	1420.6136	1354.7244	0.0000	-0.3278	913.4717	28666.5000	8000.0000	0.0000	31476.0000	7000.0000	0.0000	-6.4606	13.3140	-0.0000	28007.0698	-14.2895	0.0000	-19.8495	0.0000
3.9000	667.4135	25.5276	1470.2791	1398.8243	0.0000	-0.2992	911.7988	28631.5000	8000.0000	0.0000	31436.0000	7000.0000	0.0000	-7.0824	13.2659	-0.0000	27914.6068	-15.7297	0.0000	-20.6737	0.0000
4.0000	673.1212	23.8827	1520.6831	1442.9647	0.0000	-0.2727	910.1298	28596.5000	8000.0000	0.0000	31396.0000	7000.0000	0.0000	-7.6204	13.2178	-0.0000	27821.4354	-16.9861	0.0000	-21.3575	0.0000
4.1000	678.6579	22.3847	1571.8317	1487.1066	0.0000	-0.2481	908.4644	28561.5000	8000.0000	0.0000	31356.0000	7000.0000	0.0000	-8.0827	13.1696	-0.0000	27727.5580	-18.0746	0.0000	-21.9141	0.0000
4.2000	684.0355	21.0224	1623.7287	1531.2146	0.0000	-0.2255	906.8028	28526.5000	8000.0000	0.0000	31316.0000	7000.0000	0.0000	-8.4771	13.1216	-0.0000	27632.9787	-19.0099	0.0000	-22.3558	0.0000
4.3000	689.2673	19.7852	1676.3762	1575.2565	0.0000	-0.2046	905.1450	28491.5000	8000.0000	0.0000	31276.0000	7000.0000	0.0000	-8.8106	13.0737	-0.0000	27537.7022	-19.8055	0.0000	-22.6943	0.0000
4.4000	694.3668	18.6632	1729.7746	1619.2031	0.0000	-0.1854	903.4909	28456.5000	8000.0000	0.0000	31236.0000	7000.0000	0.0000	-9.0894	13.0260	-0.0000	27441.7344	-20.4742	0.0000	-22.9400	0.0000
4.5000	699.3479	17.6471	1783.9233	1663.0283	0.0000	-0.1678	901.8406	28421.5000	8000.0000	0.0000	31196.0000	7000.0000	0.0000	-9.3193	12.9786	-0.0000	27345.0812	-21.0277	0.0000	-23.1024	0.0000
4.6000	704.2243	16.7282	1838.8206	1706.7089	0.0000	-0.1516	900.1940	28386.5000	8000.0000	0.0000	31156.0000	7000.0000	0.0000	-9.5052	12.9315	-0.0000	27247.7489	-21.4767	0.0000	-23.2074	0.0000
4.7000	709.0092	15.8984	1894.4641	1750.2240	0.0000	-0.1368	898.5511	28351.5000	8000.0000	0.0000	31116.0000	7000.0000	0.0000	-9.6517	12.8847	-0.0000	27149.7440	-21.8313	0.0000	-23.2587	0.0000
4.8000	713.7149	15.1504	1950.8507	1793.5554	0.0000	-0.1232	896.9121	28316.5000	8000.0000	0.0000	31076.0000	7000.0000	0.0000	-9.7632	12.8383	-0.0000	27051.0728	-22.1006	0.0000	-23.2504	0.0000
4.9000	718.3532	14.4770	2007.9772	1836.6870	0.0000	-0.1108	895.2767	28281.5000	8000.0000	0.0000	31036.0000	7000.0000	0.0000	-9.8432	12.7924	-0.0000	26951.7416	-22.2928	0.0000	-23.1888	0.0000
5.0000	722.9347	13.8719	2065.8398	1879.6047	0.0000	-0.0995	893.6451	28246.5000	8000.0000	0.0000	30996.0000	7000.0000	0.0000	-9.8951	12.7469	-0.0000	26851.7564	-22.4159	0.0000	-23.0796	0.0000
5.1000	727.4693	13.3291	2124.4345	1922.2963	0.0000	-0.0891	892.0173	28211.5000	8000.0000	0.0000	30956.0000	7000.0000	0.0000	-9.9220	12.7018	-0.0000	26751.1232	-22.4769	0.0000	-22.9282	0.0000
5.2000	731.9660	12.8429	2183.7572	1964.7513	0.0000	-0.0797	890.3932	28176.5000	8000.0000	0.0000	30916.0000	7000.0000	0.0000	-9.9264	12.6573	-0.0000	26649.8475	-22.4823	0.0000	-22.7395	0.0000
5.3000	736.4328	12.4085	2243.8037	2006.9605	0.0000	-0.0712	888.7729	28141.5000	8000.0000	0.0000	30876.0000	7000.0000	0.0000	-9.9107	12.6133	-0.0000	26547.9347	-22.4382	0.0000	-22.5180	0.0000
5.4000	740.8768	12.0210	2304.5698	2048.9166	0.0000	-0.0634	887.1563	28106.5000	8000.0000	0.0000	30836.0000	7000.0000	0.0000	-9.8773	12.5698	-0.0000	26445.3900	-22.3498	0.0000	-22.2676	0.0000
5.5000	745.3043	11.6763	2366.0510	2090.6130	0.0000	-0.0563	885.5434	28071.5000	8000.0000	0.0000	30796.0000	7000.0000	0.0000	-9.8279	12.5268	-0.0000	26342.2183	-22.2223	0.0000	-21.9922	0.0000
5.6000	749.7208	11.3704	2428.2430	2132.0446	0.0000	-0.0499	883.9344	28036.5000	8000.0000	0.0000	30756.0000	7000.0000	0.0000	-9.7644	12.4845	-0.0000	26238.4242	-22.0601	0.0000	-21.6949	0.0000
5.7000	754.1311	11.0997	2491.1415	2173.2073	0.0000	-0.0441	882.3290	28001.5000	8000.0000	0.0000	30716.0000	7000.0000	0.0000	-9.6882	12.4427	-0.0000	26134.0121	-21.8673	0.0000	-21.3789	0.0000
5.8000	758.5393	10.8609	2554.7420	2214.0978	0.0000	-0.0388	880.7274	27966.5000	8000.0000	0.0000	30676.0000	7000.0000	0.0000	-9.6010	12.4014	-0.0000	26028.9863	-21.6476	0.0000	-21.0469	0.0000
5.9000	762.9488	10.6512	2619.0404	2254.7136	0.0000	-0.0340	879.1296	27931.5000	8000.0000	0.0000	30636.0000	7000.0000	0.0000	-9.5039	12.3608	-0.0000	25923.3508	-21.4044	0.0000	-20.7013	0.0000
6.0000	767.3625	10.4677	2684.0322	2295.0532	0.0000	-0.0297	877.5355	27896.5000	8000.0000	0.0000	30596.0000	7000.0000	0.0000	-9.3985	12.3208	-0.0000	25817.1094	-21.1408	0.0000	-20.3456	0.0000
6.1000	771.7828	10.3080	2749.7132	2335.1156	0.0000	-0.0258	875.9452	27861.5000	8000.0000	0.0000	30556.0000	7000.0000	0.0000	-9.2855	12.2813	-0.0000	25710.2659	-20.8596	0.0000	-19.9802	0.0000
6.2000	776.2114	10.1696	2816.0791	2374.9002	0.0000	-0.0222	874.3586	27826.5000	8000.0000	0.0000	30516.0000	7000.0000	0.0000	-9.1659	12.2425	-0.0000	25602.8238	-20.5633	0.0000	-19.6071	0.0000
6.3000	780.6500	10.0506	2883.1257	2414.4072	0.0000	-0.0190	872.7757	27791.5000	8000.0000	0.0000	30476.0000	7000.0000	0.0000	-9.0406	12.2043	-0.0000	25494.7866	-20.2542	0.0000	-19.2282	0.0000
6.4000	785.0996	9.9492	2950.8487	2453.6373	0.0000	-0.0161	871.1967	27756.5000	8000.0000	0.0000	30436.0000	7000.0000	0.0000	-8.9103	12.1666	-0.0000	25386.1575	-19.9343	0.0000	-18.8448	0.0000
6.5000	789.5610	9.8637	3019.2439	2492.5914	0.0000	-0.0135	869.6213	27721.5000	8000.0000	0.0000	30396.0000	7000.0000	0.0000	-8.7758	12.1296	-0.0000	25276.9399	-19.6054	0.0000	-18.4584	0.0000
6.6000	794.0347	9.7926	3088.3073	2531.2709	0.0000	-0.0111	868.0497	27686.5000	8000.0000	0.0000	30356.0000	7000.0000	0.0000	-8.6376	12.0932	-0.0000	25167.1367	-19.2691	0.0000	-18.0699	0.0000
6.7000	798.5211	9.7346	3158.0345	2569.6777	0.0000	-0.0090	866.4819	27651.5000	8000.0000	0.0000	30316.0000	7000.0000	0.0000	-8.4964	12.0574	-0.0000	25056.7512	-18.9268	0.0000	-17.6806	0.0000
6.8000	803.0200	9.6884	3228.4216	2607.8137	0.0000	-0.0070	864.9178	27616.5000	8000.0000	0.0000	30276.0000	7000.0000	0.0000	-8.3527	12.0222	-0.0000	24945.7862	-18.5799	0.0000	-17.2912	0.0000
6.9000	807.5315	9.6529	3299.4643	2645.6813	0.0000	-0.0052	863.3575	27581.5000	8000.0000	0.0000	30236.0000	7000.0000	0.0000	-8.2069	11.9877	-0.0000	24834.2448	-18.2294	0.0000	-16.9026	0.0000
7.0000	812.0551	9.6271	3371.1585	2683.2831	0.0000	-0.0036	861.8009	27546.5000	8000.0000	0.0000	30196.0000	7000.0000	0.0000	-8.0595	11.9537	-0.0000	24722.1298	-17.8765	0.0000	-16.5155	0.0000
7.1000	816.5904	9.6101	3443.5001	2720.6217	0.0000	-0.0022	860.2480	27511.5000	8000.0000	0.0000	30156.0000	7000.0000	0.0000	-7.9109	11.9203	-0.0000	24609.4442	-17.5220	0.0000	-16.1305	0.0000
7.2000	821.1369	9.6012	3516.4850	2757.7002	0.0000	-0.0009	858.6990	27476.5000	8000.0000	0.0000	30116.0000	7000.0000	0.0000	-7.7613	11.8875	-0.0000	24496.1907	-17.1667	0.0000	-15.7482	0.0000
7.3000	825.6939	9.5994	3590.1092	2794.5217	0.0000	0.0003	857.1536	27441.5000	8000.0000	0.0000	30076.0000	7000.0000	0.0000	-7.6108	11.8553	-0.0000	24382.3721	-16.8114	0.0000	-15.3609	0.0000
7.4000	830.2609	9.6043	3664.3685	2831.0895	0.0000	0.0014	855.6120	27406.5000	8000.0000	0.0000	30036.0000	7000.0000	0.0000	-7.4592	11.8238	-0.0000	24267.9913	-16.4567	0.0000	-14.9627	0.0000
7.5000	834.8372	9.6151	3739.2589	2867.4071	0.0000	0.0024	854.0742	27371.5000	8000.0000	0.0000	29996.0000	7000.0000	0.0000	-7.3077	11.7928	-0.0000	24153.0510	-16.1033	0.0000	-14.5695	0.0000
7.6000	839.4217	9.6314	3814.7763	2903.4781	0.0000	0.0033	852.5401	27336.5000	8000.0000	0.0000	29956.0000	7000.0000	0.0000	-7.1563	11.7623	-0.0000	24037.5540	-15.7516	0.0000	-14.1817	0.0000
7.7000	844.0137	9.6525	3890.9165	2939.3062	0.0000	0.0041	851.0098	27301.5000	8000.0000	0.0000	29916.0000	7000.0000	0.0000	-7.0054	11.7325	-0.0000	23921.5029	-15.4021	0.0000	-13.7993	0.0000
7.8000	848.6121	9.6781	3967.6756	2974.8952	0.0000	0.0049	849.4832	27266.5000	8000.0000	0.0000	29876.0000	7000.0000	0.0000	-6.8551	11.7033	-0.0000	23804.9007	-15.0551	0.0000	-13.4228	0.0000
7.9000	853.2160	9.7078	4045.0496	3010.2489	0.0000	0.0055	847.9603	27231.5000	8000.0000	0.0000	29836.0000	7000.0000	0.0000	-6.7055	11.6746	-0.0000	23687.7499	-14.7110	0.0000	-13.0521	0.0000
8.0000	857.8244	9.7412	4123.0342	3045.3712	0.0000	0.0062	846.4413	27196.5000	8000.0000	0.0000	29796.0000	7000.0000	0.0000	-6.5569	11.6464	-0.0000	23570.0533	-14.3701	0.0000	-12.6876	0.0000
8.1000	862.4362	9.7779	4201.6255	3080.2662	0.0000	0.0067	844.9259	27161.5000	8000.0000	0.0000	29756.0000	7000.0000	0.0000	-6.4093	11.6189	-0.0000	23451.8137	-14.0325	0.0000	-12.3293	0.0000
8.2000	867.0505	9.8177	4280.8195	3114.9376	0.0000	0.0072	843.4143	27126.5000	8000.0000	0.0000	29716.0000	7000.0000	0.0000	-6.2628	11.5919	-0.0000	23333.0338	-13.6987	0.0000	-11.9773	0.0000
8.3000	871.6663	9.8602	4360.6122	3149.3897	0.0000	0.0077	841.9065	27091.5000	8000.0000	0.0000	29676.0000	7000.0000	0.0000	-6.1176	11.5654	-0.0000	23213.7163	-13.3686	0.0000	-11.6317	0.0000
8.4000	876.2827	9.9053	4440.9994	3183.6264	0.0000	0.0081	840.4024	27056.5000	8000.0000	0.0000	29636.0000	7000.0000	0.0000	-5.9737	11.5395	-0.0000	23093.8639	-13.0424	0.0000	-11.2924	0.0000
8.5000	880.8986	9.9526	4521.9773	3217.6518	0.0000	0.0085	838.9021	27021.5000	8000.0000	0.0000	29596.0000	7000.0000	0.0000	-5.8312	11.5142	-0.0000	22973.4795	-12.7204	0.0000	-10.9596	0.0000
8.6000	885.5131	10.0021	4603.5419	3251.4699	0.0000	0.0088	837.4055	26986.5000	8000.0000	0.0000	29556.0000	7000.0000	0.0000	-5.6902	11.4893	-0.0000	22852.5657	-12.4025	0.0000	-10.6332	0.0000
8.7000	890.1253	10.0535	4685.6890	3285.0849	0.0000	0.0091	835.9126	26951.5000	8000.0000	0.0000	29516.0000	7000.0000	0.0000	-5.5507	11.4650	-0.0000	22731.1252	-12.0888	0.0000	-10.3133	0.0000
8.8000	894.7343	10.1067	4768.4149	3318.5008	0.0000	0.0094	834.4236	26916.5000	8000.0000	0.0000	29476.0000	7000.0000	0.0000	-5.4128	11.4413	-0.0000	22609.1610	-11.7794	0.0000	-9.9997	0.0000
8.9000	899.3393	10.1615	4851.7155	3351.7217	0.0000	0.0097	832.9382	26881.5000	8000.0000	0.0000	29436.0000	7000.0000	0.0000	-5.2765	11.4180	-0.0000	22486.6755	-11.4744	0.0000	-9.6925	0.0000
9.0000	903.9394	10.2178	4935.5869	3384.7516	0.0000	0.0100	831.4566	26846.5000	8000.0000	0.0000	29396.0000	7000.0000	0.0000	-5.1418	11.3953	-0.0000	22363.6718	-11.1738	0.0000	-9.3916	0.0000
9.1000	908.5338	10.2754	5020.0251	3417.5947	0.0000	0.0102	829.9788	26811.5000	8000.0000	0.0000	29356.0000	7000.0000	0.0000	-5.0088	11.3731	-0.0000	22240.1523	-10.8776	0.0000	-9.0970	0.0000
9.2000	913.1216	10.3343	5105.0263	3450.2549	0.0000	0.0104	828.5047	26776.5000	8000.0000	0.0000	29316.0000	7000.0000	0.0000	-4.8774	11.3514	-0.0000	22116.1201	-10.5857	0.0000	-8.8085	0.0000
9.3000	917.7022	10.3943	5190.5865	3482.7364	0.0000	0.0106	827.0344	26741.5000	8000.0000	0.0000	29276.0000	7000.0000	0.0000	-4.7478	11.3301	-0.0000	21991.5777	-10.2983	0.0000	-8.5262	0.0000
9.4000	922.2748	10.4554	5276.7019	3515.0431	0.0000	0.0108	825.5678	26706.5000	8000.0000	0.0000	29236.0000	7000.0000	0.0000	-4.6199	11.3094	-0.0000	21866.5279	-10.0153	0.0000	-8.2499	0.0000
9.5000	926.8388	10.5174	5363.3686	3547.1791	0.0000	0.0109	824.1049	26671.5000	8000.0000	0.0000	29196.0000	7000.0000	0.0000	-4.4937	11.2892	-0.0000	21740.9735	-9.7366	0.0000	-7.9796	0.0000
9.6000	931.3934	10.5803	5450.5827	3579.1484	0.0000	0.0111	822.6459	26636.5000	8000.0000	0.0000	29156.0000	7000.0000	0.0000	-4.3693	11.2694	-0.0000	21614.9172	-9.4623	0.0000	-7.7152	0.0000
9.7000	935.9379	10.6440	5538.3405	3610.9548	0.0000	0.0112	821.1905	26601.5000	8000.0000	0.0000	29116.0000	7000.0000	0.0000	-4.2465	11.2501	-0.0000	21488.3618	-9.1923	0.0000	-7.4566	0.0000
9.8000	940.4719	10.7084	5626.6381	3642.6024	0.0000	0.0113	819.7389	26566.5000	8000.0000	0.0000	29076.0000	7000.0000	0.0000	-4.1256	11.2313	-0.0000	21361.3101	-8.9266	0.0000	-7.2037	0.0000
9.9000	944.9947	10.7735	5715.4718	3674.0950	0.0000	0.0114	818.2911	26531.5000	8000.0000	0.0000	29036.0000	7000.0000	0.0000	-4.0063	11.2130	-0.0000	21233.7646	-8.6652	0.0000	-6.9565	0.0000
10.0000	949.5057	10.8393	5804.8377	3705.4367	0.0000	0.0115	816.8470	26496.5000	8000.0000	0.0000	28996.0000	7000.0000	0.0000	-3.8888	11.1951	-0.0000	21105.7283	-8.4079	0.0000	-6.7147	0.0000
10.1000	954.0045	10.9056	5894.7322	3736.6311	0.0000	0.0116	815.4067	26461.5000	8000.0000	0.0000	28956.0000	7000.0000	0.0000	-3.7730	11.1777	-0.0000	20977.2038	-8.1549	0.0000	-6.4784	0.0000
10.2000	958.4929	10.9724	5985.1515	3767.6822	0.0000	0.0117	813.9701	26426.5000	8000.0000	0.0000	28916.0000	7000.0000	0.0000	-3.6603	11.1607	-0.0000	20848.1937	-7.9059	0.0000	-6.2475	0.0000
10.3000	962.9896	11.0397	6076.0930	3798.5940	0.0000	0.0118	812.5372	26391.5000	8000.0000	0.0000	28876.0000	7000.0000	0.0000	-3.5514	11.1442	-0.0000	20718.7001	-7.6608	0.0000	-6.0216	0.0000
10.4000	967.4983	11.1074	6167.5554	3829.3707	0.0000	0.0119	811.1082	26356.5000	8000.0000	0.0000	28836.0000	7000.0000	0.0000	-3.4439	11.1281	-0.0000	20588.7231	-7.4196	0.0000	-5.8006	0.0000
10.5000	972.0179	11.1754	6259.5377	3860.0166	0.0000	0.0119	809.6828	26321.5000	8000.0000	0.0000	28796.0000	7000.0000	0.0000	-3.3377	11.1125	-0.0000	20458.2628	-7.1822	0.0000	-5.5844	0.0000
10.6000	976.5470	11.2438	6352.0385	3890.5358	0.0000	0.0120	808.2612	26286.5000	8000.0000	0.0000	28756.0000	7000.0000	0.0000	-3.2333	11.0973	-0.0000	20327.3195	-6.9486	0.0000	-5.3800	0.0000
10.7000	981.0671	11.3121	6445.0562	3920.9324	0.0000	0.0118	806.8434	26251.5000	8000.0000	0.0000	28716.0000	7000.0000	0.0000	-3.1320	11.0825	-0.0000	20195.8939	-6.7190	0.0000	-5.2031	0.0000
10.8000	985.5703	11.3795	6538.5872	3951.2094	0.0000	0.0117	805.4293	26216.5000	8000.0000	0.0000	28676.0000	7000.0000	0.0000	-3.0324	11.0682	-0.0000	20063.9884	-6.4941	0.0000	-5.0270	0.0000
10.9000	990.0560	11.4460	6632.6280	3981.3700	0.0000	0.0115	804.0190	26181.5000	8000.0000	0.0000	28636.0000	7000.0000	0.0000	-2.9345	11.0542	-0.0000	19931.6059	-6.2739	0.0000	-4.8533	0.0000
11.0000	994.5234	11.5117	6727.1750	4011.4174	0.0000	0.0114	802.6124	26146.5000	8000.0000	0.0000	28596.0000	7000.0000	0.0000	-2.8382	11.0407	-0.0000	19798.7492	-6.0581	0.0000	-4.6824	0.0000
11.1000	998.9718	11.5770	6822.2246	4041.3545	0.0000	0.0114	801.2095	26111.5000	8000.0000	0.0000	28556.0000	7000.0000	0.0000	-2.7435	11.0276	-0.0000	19665.4212	-5.8465	0.0000	-4.5144	0.0000
11.2000	1003.4008	11.6420	6917.7731	4071.1844	0.0000	0.0113	799.8105	26076.5000	8000.0000	0.0000	28516.0000	7000.0000	0.0000	-2.6502	11.0149	-0.0000	19531.6246	-5.6387	0.0000	-4.3491	0.0000
11.3000	1007.8097	11.7070	7013.8168	4100.9100	0.0000	0.0114	798.4151	26041.5000	8000.0000	0.0000	28476.0000	7000.0000	0.0000	-2.5581	11.0026	-0.0000	19397.3624	-5.4345	0.0000	-4.1864	0.0000
11.4000	1012.1982	11.7722	7110.3522	4130.5343	0.0000	0.0114	797.0235	26006.5000	8000.0000	0.0000	28436.0000	7000.0000	0.0000	-2.4673	10.9907	-0.0000	19262.6376	-5.2335	0.0000	-4.0261	0.0000
11.5000	1016.5658	11.8377	7207.3755	4160.0604	0.0000	0.0115	795.6357	25971.5000	8000.0000	0.0000	28396.0000	7000.0000	0.0000	-2.3775	10.9792	-0.0000	19127.4529	-5.0356	0.0000	-3.8680	0.0000
11.6000	1020.9112	11.9037	7304.8830	4189.4911	0.0000	0.0116	794.2516	25936.5000	8000.0000	0.0000	28356.0000	7000.0000	0.0000	-2.2886	10.9682	-0.0000	18991.8115	-4.8406	0.0000	-3.7122	0.0000
11.7000	1025.2326	11.9702	7402.8710	4218.8294	0.0000	0.0117	792.8713	25901.5000	8000.0000	0.0000	28316.0000	7000.0000	0.0000	-2.2006	10.9575	-0.0000	18855.7164	-4.6482	0.0000	-3.5585	0.0000
11.8000	1029.5296	12.0374	7501.3355	4248.0782	0.0000	0.0118	791.4947	25866.5000	8000.0000	0.0000	28276.0000	7000.0000	0.0000	-2.1135	10.9472	-0.0000	18719.1708	-4.4585	0.0000	-3.4067	0.0000
11.9000	1033.8019	12.1053	7600.2725	4277.2404	0.0000	0.0119	790.1218	25831.5000	8000.0000	0.0000	28236.0000	7000.0000	0.0000	-2.0274	10.9373	-0.0000	18582.1779	-4.2712	0.0000	-3.2569	0.0000
12.0000	1038.0494	12.1739	7699.6783	4306.3189	0.0000	0.0121	788.7528	25796.5000	8000.0000	0.0000	28196.0000	7000.0000	0.0000	-1.9420	10.9277	-0.0000	18444.7410	-4.0863	0.0000	-3.1089	0.0000
12.1000	1042.2718	12.2434	7799.5488	4335.3166	0.0000	0.0122	787.3874	25761.5000	8000.0000	0.0000	28156.0000	7000.0000	0.0000	-1.8575	10.9186	-0.0000	18306.8631	-3.9037	0.0000	-2.9628	0.0000
12.2000	1046.4689	12.3137	7899.8802	4364.2364	0.0000	0.0124	786.0258	25726.5000	8000.0000	0.0000	28116.0000	7000.0000	0.0000	-1.7738	10.9098	-0.0000	18168.5476	-3.7233	0.0000	-2.8185	0.0000
12.3000	1050.6405	12.3849	8000.6687	4393.0813	0.0000	0.0125	784.6680	25691.5000	8000.0000	0.0000	28076.0000	7000.0000	0.0000	-1.6908	10.9015	-0.0000	18029.7975	-3.5450	0.0000	-2.6759	0.0000
12.4000	1054.7865	12.4570	8101.9102	4421.8542	0.0000	0.0127	783.3139	25656.5000	8000.0000	0.0000	28036.0000	7000.0000	0.0000	-1.6086	10.8934	-0.0000	17890.6162	-3.3688	0.0000	-2.5350	0.0000
12.5000	1058.9066	12.5298	8203.6011	4450.5580	0.0000	0.0128	781.9636	25621.5000	8000.0000	0.0000	27996.0000	7000.0000	0.0000	-1.5271	10.8858	-0.0000	17751.0068	-3.1947	0.0000	-2.3958	0.0000
12.6000	1063.0027	12.6036	8305.7373	4479.1958	0.0000	0.0129	780.6170	25586.5000	8000.0000	0.0000	27956.0000	7000.0000	0.0000	-1.4468	10.8785	-0.0000	17610.9724	-3.0227	0.0000	-2.2584	0.0000
12.7000	1067.0861	12.6781	8408.3158	4507.7705	0.0000	0.0131	779.2741	25551.5000	8000.0000	0.0000	27916.0000	7000.0000	0.0000	-1.3676	10.8716	-0.0000	17470.5158	-2.8526	0.0000	-2.1226	0.0000
12.8000	1071.1583	12.7535	8511.3342	4536.2855	0.0000	0.0132	777.9351	25516.5000	8000.0000	0.0000	27876.0000	7000.0000	0.0000	-1.2890	10.8650	-0.0000	17329.6384	-2.6844	0.0000	-1.9885	0.0000
12.9000	1075.2191	12.8295	8614.7900	4564.7441	0.0000	0.0133	776.5997	25481.5000	8000.0000	0.0000	27836.0000	7000.0000	0.0000	-1.2110	10.8588	-0.0000	17188.3422	-2.5183	0.0000	-1.8560	0.0000
13.0000	1079.2682	12.9063	8718.6809	4593.1496	0.0000	0.0135	775.2681	25446.5000	8000.0000	0.0000	27796.0000	7000.0000	0.0000	-1.1338	10.8529	-0.0000	17046.6286	-2.3542	0.0000	-1.7253	0.0000
13.1000	1083.3053	12.9838	8823.0045	4621.5053	0.0000	0.0136	773.9403	25411.5000	8000.0000	0.0000	27756.0000	7000.0000	0.0000	-1.0572	10.8474	-0.0000	16904.4995	-2.1920	0.0000	-1.5962	0.0000
13.2000	1087.3301	13.0618	8927.7585	4649.8144	0.0000	0.0137	772.6162	25376.5000	8000.0000	0.0000	27716.0000	7000.0000	0.0000	-0.9813	10.8422	-0.0000	16761.9564	-2.0319	0.0000	-1.4689	0.0000
13.3000	1091.3333	13.1404	9032.9402	4678.0802	0.0000	0.0138	771.2959	25341.5000	8000.0000	0.0000	27676.0000	7000.0000	0.0000	-0.9055	10.8374	-0.0000	16619.0013	-1.8738	0.0000	-1.3433	0.0000
13.4000	1095.2995	13.2196	9138.5454	4706.3057	0.0000	0.0139	769.9793	25306.5000	8000.0000	0.0000	27636.0000	7000.0000	0.0000	-0.8304	10.8329	-0.0000	16475.6375	-1.7178	0.0000	-1.2193	0.0000
13.5000	1099.2282	13.2992	9244.5694	4734.4934	0.0000	0.0139	768.6664	25271.5000	8000.0000	0.0000	27596.0000	7000.0000	0.0000	-0.7562	10.8287	-0.0000	16331.8692	-1.5639	0.0000	-1.0970	0.0000
13.6000	1103.1195	13.3793	9351.0073	4762.6461	0.0000	0.0140	767.3574	25236.5000	8000.0000	0.0000	27556.0000	7000.0000	0.0000	-0.6828	10.8248	-0.0000	16187.7005	-1.4121	0.0000	-0.9764	0.0000
13.7000	1106.9735	13.4598	9457.8545	4790.7666	0.0000	0.0141	766.0520	25201.5000	8000.0000	0.0000	27516.0000	7000.0000	0.0000	-0.6103	10.8213	-0.0000	16043.1355	-1.2623	0.0000	-0.8575	0.0000
13.8000	1110.7902	13.5407	9565.1062	4818.8575	0.0000	0.0142	764.7504	25166.5000	8000.0000	0.0000	27476.0000	7000.0000	0.0000	-0.5388	10.8181	-0.0000	15898.1785	-1.1145	0.0000	-0.7403	0.0000
13.9000	1114.5696	13.6219	9672.7577	4846.9215	0.0000	0.0142	763.4526	25131.5000	8000.0000	0.0000	27436.0000	7000.0000	0.0000	-0.4681	10.8152	-0.0000	15752.8334	-0.9688	0.0000	-0.6250	0.0000
14.0000	1118.3119	13.7035	9780.8043	4874.9612	0.0000	0.0143	762.1585	25096.5000	8000.0000	0.0000	27396.0000	7000.0000	0.0000	-0.3984	10.8126	-0.0000	15607.1045	-0.8251	0.0000	-0.5120	0.0000
14.1000	1122.0170	13.7855	9889.2413	4902.9794	0.0000	0.0143	760.8682	25061.5000	8000.0000	0.0000	27356.0000	7000.0000	0.0000	-0.3295	10.8103	-0.0000	15460.9957	-0.6833	0.0000	-0.4003	0.0000
14.2000	1125.6852	13.8679	9998.0641	4930.9786	0.0000	0.0144	759.5816	25026.5000	8000.0000	0.0000	27316.0000	7000.0000	0.0000	-0.2615	10.8083	-0.0000	15314.5111	-0.5434	0.0000	-0.2898	0.0000
14.3000	1129.3164	13.9505	10107.2681	4958.9615	0.0000	0.0145	758.2987	24991.5000	8000.0000	0.0000	27276.0000	7000.0000	0.0000	-0.1942	10.8065	-0.0000	15167.6548	-0.4055	0.0000	-0.1805	0.0000
14.4000	1132.9107	14.0335	10216.8487	4986.9306	0.0000	0.0145	757.0197	24956.5000	8000.0000	0.0000	27236.0000	7000.0000	0.0000	-0.1278	10.8051	-0.0000	15020.4307	-0.2695	0.0000	-0.0725	0.0000
14.5000	1136.4683	14.1166	10326.8013	5014.8887	0.0000	0.0145	755.7443	24921.5000	8000.0000	0.0000	27196.0000	7000.0000	0.0000	-0.0623	10.8040	-0.0000	14872.8429	-0.1355	0.0000	0.0342	0.0000
14.6000	1139.9892	14.1999	10437.1215	5042.8382	0.0000	0.0145	754.4727	24886.5000	8000.0000	0.0000	27156.0000	7000.0000	0.0000	0.0024	10.8031	-0.0000	14724.8953	-0.0034	0.0000	0.1396	0.0000
14.7000	1143.4661	14.2833	10547.8044	5070.7817	0.0000	0.0145	753.2049	24851.5000	8000.0000	0.0000	27116.0000	7000.0000	0.0000	0.0661	10.8025	-0.0000	14576.5921	0.1267	0.0000	0.2423	0.0000
14.8000	1146.8924	14.3665	10658.8444	5098.7215	0.0000	0.0145	751.9408	24816.5000	8000.0000	0.0000	27076.0000	7000.0000	0.0000	0.1287	10.8022	-0.0000	14427.9382	0.2545	0.0000	0.3434	0.0000
14.9000	1150.2684	14.4495	10770.2358	5126.6597	0.0000	0.0145	750.6805	24781.5000	8000.0000	0.0000	27036.0000	7000.0000	0.0000	0.1901	10.8022	-0.0000	14278.9389	0.3802	0.0000	0.4425	0.0000
15.0000	1153.5946	14.5322	10881.9728	5154.5985	0.0000	0.0144	749.4239	24746.5000	8000.0000	0.0000	26996.0000	7000.0000	0.0000	0.2503	10.8024	-0.0000	14129.5996	0.5036	0.0000	0.5396	0.0000
15.1000	1156.8715	14.6147	10994.0496	5182.5399	0.0000	0.0144	748.1710	24711.5000	8000.0000	0.0000	26956.0000	7000.0000	0.0000	0.3095	10.8028	-0.0000	13979.9254	0.6249	0.0000	0.6347	0.0000
15.2000	1160.0993	14.6969	11106.4607	5210.4861	0.0000	0.0143	746.9220	24676.5000	8000.0000	0.0000	26916.0000	7000.0000	0.0000	0.3675	10.8035	-0.0000	13829.9215	0.7440	0.0000	0.7277	0.0000
15.3000	1163.2787	14.7789	11219.2004	5238.4390	0.0000	0.0143	745.6766	24641.5000	8000.0000	0.0000	26876.0000	7000.0000	0.0000	0.4244	10.8045	-0.0000	13679.5930	0.8611	0.0000	0.8189	0.0000
15.4000	1166.4100	14.8605	11332.2633	5266.4006	0.0000	0.0142	744.4350	24606.5000	8000.0000	0.0000	26836.0000	7000.0000	0.0000	0.4802	10.8057	-0.0000	13528.9449	0.9761	0.0000	0.9081	0.0000
15.5000	1169.4936	14.9420	11445.6439	5294.3729	0.0000	0.0142	743.1972	24571.5000	8000.0000	0.0000	26796.0000	7000.0000	0.0000	0.5351	10.8072	-0.0000	13377.9823	1.0891	0.0000	0.9970	0.0000
15.6000	1172.5301	15.0232	11559.3367	5322.3579	0.0000	0.0142	741.9631	24536.5000	8000.0000	0.0000	26756.0000	7000.0000	0.0000	0.5890	10.8088	-0.0000	13226.7101	1.2002	0.0000	1.0844	0.0000
15.7000	1175.5199	15.1043	11673.3365	5350.3575	0.0000	0.0141	740.7328	24501.5000	8000.0000	0.0000	26716.0000	7000.0000	0.0000	0.6420	10.8107	-0.0000	13075.1332	1.3094	0.0000	1.1702	0.0000
15.8000	1178.4634	15.1852	11787.6379	5378.3735	0.0000	0.0141	739.5062	24466.5000	8000.0000	0.0000	26676.0000	7000.0000	0.0000	0.6940	10.8129	-0.0000	12923.2564	1.4168	0.0000	1.2545	0.0000
15.9000	1181.3610	15.2659	11902.2358	5406.4079	0.0000	0.0141	738.2833	24431.5000	8000.0000	0.0000	26636.0000	7000.0000	0.0000	0.7451	10.8152	-0.0000	12771.0846	1.5225	0.0000	1.3373	0.0000
16.0000	1184.2134	15.3463	12017.1249	5434.4624	0.0000	0.0140	737.0643	24396.5000	8000.0000	0.0000	26596.0000	7000.0000	0.0000	0.7952	10.8178	-0.0000	12618.6225	1.6263	0.0000	1.4187	0.0000
16.1000	1187.0209	15.4265	12132.3002	5462.5389	0.0000	0.0140	735.8489	24361.5000	8000.0000	0.0000	26556.0000	7000.0000	0.0000	0.8443	10.8206	-0.0000	12465.8747	1.7283	0.0000	1.4985	0.0000
16.2000	1189.7841	15.5064	12247.7567	5490.6392	0.0000	0.0139	734.6373	24326.5000	8000.0000	0.0000	26516.0000	7000.0000	0.0000	0.8925	10.8236	-0.0000	12312.8459	1.8286	0.0000	1.5770	0.0000
16.3000	1192.5034	15.5860	12363.4892	5518.7649	0.0000	0.0139	733.4295	24291.5000	8000.0000	0.0000	26476.0000	7000.0000	0.0000	0.9398	10.8268	-0.0000	12159.5407	1.9270	0.0000	1.6539	0.0000
16.4000	1195.1785	15.6652	12479.4930	5546.9178	0.0000	0.0138	732.2254	24256.5000	8000.0000	0.0000	26436.0000	7000.0000	0.0000	0.9859	10.8302	-0.0000	12005.9635	2.0237	0.0000	1.7295	0.0000
16.5000	1197.7979	15.7440	12595.7626	5575.0994	0.0000	0.0137	731.0251	24221.5000	8000.0000	0.0000	26396.0000	7000.0000	0.0000	1.0306	10.8337	-0.0000	11852.1194	2.1186	0.0000	1.8037	0.0000
16.6000	1200.3582	15.8225	12712.2917	5603.3110	0.0000	0.0137	729.8285	24186.5000	8000.0000	0.0000	26356.0000	7000.0000	0.0000	1.0743	10.8375	-0.0000	11698.0142	2.2118	0.0000	1.8766	0.0000
16.7000	1202.8604	15.9006	12829.0740	5631.5536	0.0000	0.0136	728.6356	24151.5000	8000.0000	0.0000	26316.0000	7000.0000	0.0000	1.1171	10.8415	-0.0000	11543.6539	2.3033	0.0000	1.9483	0.0000
16.8000	1205.3053	15.9783	12946.1033	5659.8285	0.0000	0.0135	727.4466	24116.5000	8000.0000	0.0000	26276.0000	7000.0000	0.0000	1.1590	10.8456	-0.0000	11389.0445	2.3933	0.0000	2.0188	0.0000
16.9000	1207.6939	16.0558	13063.3734	5688.1368	0.0000	0.0135	726.2612	24081.5000	8000.0000	0.0000	26236.0000	7000.0000	0.0000	1.2000	10.8499	-0.0000	11234.1917	2.4817	0.0000	2.0880	0.0000
17.0000	1210.0270	16.1329	13180.8784	5716.4794	0.0000	0.0134	725.0796	24046.5000	8000.0000	0.0000	26196.0000	7000.0000	0.0000	1.2400	10.8544	-0.0000	11079.1013	2.5685	0.0000	2.1561	0.0000
17.1000	1212.3056	16.2097	13298.6123	5744.8576	0.0000	0.0134	723.9018	24011.5000	8000.0000	0.0000	26156.0000	7000.0000	0.0000	1.2793	10.8591	-0.0000	10923.7790	2.6539	0.0000	2.2230	0.0000
17.2000	1214.5305	16.2863	13416.5693	5773.2723	0.0000	0.0133	722.7277	23976.5000	8000.0000	0.0000	26116.0000	7000.0000	0.0000	1.3177	10.8640	-0.0000	10768.2302	2.7379	0.0000	2.2888	0.0000
17.3000	1216.7026	16.3626	13534.7436	5801.7245	0.0000	0.0133	721.5574	23941.5000	8000.0000	0.0000	26076.0000	7000.0000	0.0000	1.3552	10.8690	-0.0000	10612.4604	2.8205	0.0000	2.3535	0.0000
17.4000	1218.8228	16.4386	13653.1296	5830.2153	0.0000	0.0132	720.3908	23906.5000	8000.0000	0.0000	26036.0000	7000.0000	0.0000	1.3920	10.8741	-0.0000	10456.4749	2.9018	0.0000	2.4172	0.0000
17.5000	1220.8920	16.5144	13771.7219	5858.7456	0.0000	0.0132	719.2279	23871.5000	8000.0000	0.0000	25996.0000	7000.0000	0.0000	1.4280	10.8795	-0.0000	10300.2791	2.9817	0.0000	2.4799	0.0000
17.6000	1222.9109	16.5899	13890.5149	5887.3163	0.0000	0.0132	718.0689	23836.5000	8000.0000	0.0000	25956.0000	7000.0000	0.0000	1.4633	10.8849	-0.0000	10143.8780	3.0604	0.0000	2.5416	0.0000
17.7000	1224.8860	16.6652	14009.5033	5915.9284	0.0000	-0.1040	716.9135	23801.5000	8000.0000	0.0000	25916.0000	7000.0000	0.0000	0.7001	5.2091	-0.0000	11971.8482	3.1378	0.0000	-22.8071	0.0000
17.8000	1227.0276	14.1142	14128.6978	5944.5453	0.0000	-0.7119	715.7619	23766.5000	8000.0000	0.0000	25876.0000	7000.0000	0.0000	0.1012	5.1410	-0.0000	11810.7434	1.0220	0.0000	-11.6247	0.0000
17.9000	1229.2219	9.6381	14248.1360	5973.1071	0.0000	-0.8137	714.6141	23731.5000	8000.0000	0.0000	25836.0000	7000.0000	0.0000	-1.7992	5.0712	-0.0000	11649.4202	-3.3084	0.0000	-9.8481	0.0000
18.0000	1230.5932	5.1004	14367.8044	6001.5036	0.0000	-0.7508	713.4700	23696.5000	8000.0000	0.0000	25796.0000	7000.0000	0.0000	-3.7219	5.0004	-0.0000	11487.8937	-7.7532	0.0000	-10.9827	0.0000
18.1000	1231.3120	1.0641	14487.6480	6029.6072	0.0000	-0.6450	712.3297	23661.5000	8000.0000	0.0000	25756.0000	7000.0000	0.0000	-5.4257	4.9291	-0.0000	11326.2305	-11.6757	0.0000	-12.7563	0.0000
18.2000	1231.6429	-2.3486	14607.6410	6057.3098	0.0000	-0.5363	711.1931	23626.5000	8000.0000	0.0000	25716.0000	7000.0000	0.0000	-6.8070	4.8578	-0.0000	11164.4678	-14.9350	0.0000	-14.4533	0.0000
18.3000	1231.5825	-5.1595	14727.7616	6084.5232	0.0000	-0.4369	710.0602	23591.5000	8000.0000	0.0000	25676.0000	7000.0000	0.0000	-7.8788	4.7869	-0.0000	11002.6334	-17.5540	0.0000	-15.8653	0.0000
18.4000	1231.1691	-7.4325	14847.9845	6111.1777	0.0000	-0.3499	708.9312	23556.5000	8000.0000	0.0000	25636.0000	7000.0000	0.0000	-8.6862	4.7169	-0.0000	10840.7574	-19.6026	0.0000	-16.9590	0.0000
18.5000	1230.4624	-9.2386	14968.2850	6137.2205	0.0000	-0.2750	707.8058	23521.5000	8000.0000	0.0000	25596.0000	7000.0000	0.0000	-9.2759	4.6480	-0.0000	10678.8674	-21.1584	0.0000	-17.7565	0.0000
18.6000	1229.5293	-10.6445	15088.6413	6162.6127	0.0000	-0.2111	706.6842	23486.5000	8000.0000	0.0000	25556.0000	7000.0000	0.0000	-9.6889	4.5806	-0.0000	10516.9874	-22.2943	0.0000	-18.2943	0.0000
18.7000	1228.4364	-11.7100	15209.0353	6187.3274	0.0000	-0.1568	705.5664	23451.5000	8000.0000	0.0000	25516.0000	7000.0000	0.0000	-9.9589	4.5148	-0.0000	10355.1363	-23.0748	0.0000	-18.6098	0.0000
18.8000	1227.2448	-12.4865	15329.4536	6211.3471	0.0000	-0.1109	704.4523	23416.5000	8000.0000	0.0000	25476.0000	7000.0000	0.0000	-10.1126	4.4507	-0.0000	10193.3279	-23.5558	0.0000	-18.7369	0.0000
18.9000	1226.0084	-13.0187	15449.8864	6234.6620	0.0000	-0.0720	703.3420	23381.5000	8000.0000	0.0000	25436.0000	7000.0000	0.0000	-10.1714	4.3887	-0.0000	10031.5711	-23.7852	0.0000	-18.7053	0.0000
19.0000	1224.7728	-13.3442	15570.3281	6257.2685	0.0000	-0.0392	702.2354	23346.5000	8000.0000	0.0000	25396.0000	7000.0000	0.0000	-10.1520	4.3287	-0.0000	9869.8707	-23.8037	0.0000	-18.5406	0.0000
19.1000	1223.5757	-13.4952	15690.7762	6279.1682	0.0000	-0.0115	701.1325	23311.5000	8000.0000	0.0000	25356.0000	7000.0000	0.0000	-10.0680	4.2709	-0.0000	9708.2276	-23.6459	0.0000	-18.2645	0.0000
19.2000	1222.4470	-13.4989	15811.2310	6300.3668	0.0000	0.0119	700.0335	23276.5000	8000.0000	0.0000	25316.0000	7000.0000	0.0000	-9.9299	4.2153	-0.0000	9546.6397	-23.3409	0.0000	-17.8954	0.0000
19.3000	1221.4100	-13.3782	15931.6950	6320.8736	0.0000	0.0317	698.9381	23241.5000	8000.0000	0.0000	25276.0000	7000.0000	0.0000	-9.7464	4.1620	-0.0000	9385.1024	-22.9133	0.0000	-17.4490	0.0000
19.4000	1220.4820	-13.1524	16052.1727	6340.7003	0.0000	0.0484	697.8465	23206.5000	8000.0000	0.0000	25236.0000	7000.0000	0.0000	-9.5248	4.1111	-0.0000	9223.6094	-22.3840	0.0000	-16.9387	0.0000
19.5000	1219.6752	-12.8378	16172.6694	6359.8613	0.0000	0.0625	696.7587	23171.5000	8000.0000	0.0000	25196.0000	7000.0000	0.0000	-9.2708	4.0626	-0.0000	9062.1526	-21.7705	0.0000	-16.3756	0.0000
19.6000	1218.9973	-12.4480	16293.1919	6378.3727	0.0000	0.0744	695.6746	23136.5000	8000.0000	0.0000	25156.0000	7000.0000	0.0000	-8.9895	4.0166	-0.0000	8900.7233	-21.0875	0.0000	-15.7694	0.0000
19.7000	1218.4526	-11.9946	16413.7472	6396.2521	0.0000	0.0846	694.5943	23101.5000	8000.0000	0.0000	25116.0000	7000.0000	0.0000	-8.6850	3.9730	-0.0000	8739.3117	-20.3476	0.0000	-15.1280	0.0000
19.8000	1218.0422	-11.4873	16534.3430	6413.5187	0.0000	0.0931	693.5177	23066.5000	8000.0000	0.0000	25076.0000	7000.0000	0.0000	-8.3608	3.9318	-0.0000	8577.9080	-19.5612	0.0000	-14.4583	0.0000
19.9000	1217.7650	-10.9343	16654.9868	6430.1925	0.0000	0.1004	692.4448	23031.5000	8000.0000	0.0000	25036.0000	7000.0000	0.0000	-8.0201	3.8932	-0.0000	8416.5020	-18.7372	0.0000	-13.7662	0.0000
20.0000	1217.6176	-10.3426	16775.6862	6446.2944	0.0000	0.1066	691.3758	22996.5000	8000.0000	0.0000	24996.0000	7000.0000	0.0000	-7.6656	3.8570	-0.0000	8255.0839	-17.8832	0.0000	-13.0566	0.0000
20.1000	1217.5951	-9.7181	16896.4485	6461.8462	0.0000	0.1118	690.3104	22961.5000	8000.0000	0.0000	24956.0000	7000.0000	0.0000	-7.2996	3.8233	-0.0000	8093.6439	-17.0057	0.0000	-12.3338	0.0000
20.2000	1217.6914	-9.0659	17017.2809	6476.8703	0.0000	0.1162	689.2488	22926.5000	8000.0000	0.0000	24916.0000	7000.0000	0.0000	-6.9242	3.7921	-0.0000	7932.1727	-16.1101	0.0000	-11.6015	0.0000
20.3000	1217.8994	-8.3902	17138.1898	6491.3894	0.0000	0.1199	688.1910	22891.5000	8000.0000	0.0000	24876.0000	7000.0000	0.0000	-6.5412	3.7634	-0.0000	7770.6615	-15.2011	0.0000	-10.8628	0.0000
20.4000	1218.2112	-7.6949	17259.1813	6505.4267	0.0000	0.1230	687.1369	22856.5000	8000.0000	0.0000	24836.0000	7000.0000	0.0000	-6.1524	3.7371	-0.0000	7609.1020	-14.2828	0.0000	-10.1205	0.0000
20.5000	1218.6183	-6.9833	17380.2608	6519.0056	0.0000	0.1256	686.0866	22821.5000	8000.0000	0.0000	24796.0000	7000.0000	0.0000	-5.7593	3.7133	-0.0000	7447.4866	-13.3586	0.0000	-9.3769	0.0000
20.6000	1219.1119	-6.2581	17501.4333	6532.1499	0.0000	0.1277	685.0400	22786.5000	8000.0000	0.0000	24756.0000	7000.0000	0.0000	-5.3631	3.6919	-0.0000	7285.8085	-12.4317	0.0000	-8.6341	0.0000
20.7000	1219.6829	-5.5218	17622.7029	6544.8832	0.0000	0.1294	683.9971	22751.5000	8000.0000	0.0000	24716.0000	7000.0000	0.0000	-4.9653	3.6729	-0.0000	7124.0613	-11.5046	0.0000	-7.8941	0.0000
20.8000	1220.3221	-4.7769	17744.0730	6557.2294	0.0000	0.1307	682.9581	22716.5000	8000.0000	0.0000	24676.0000	7000.0000	0.0000	-4.5670	3.6563	-0.0000	6962.2398	-10.5797	0.0000	-7.1584	0.0000
20.9000	1221.0202	-4.0251	17865.5465	6569.2125	0.0000	0.1317	681.9227	22681.5000	8000.0000	0.0000	24636.0000	7000.0000	0.0000	-4.1691	3.6420	-0.0000	6800.3392	-9.6591	0.0000	-6.4284	0.0000
21.0000	1221.7681	-3.2685	17987.1255	6580.8561	0.0000	0.1324	680.8911	22646.5000	8000.0000	0.0000	24596.0000	7000.0000	0.0000	-3.7728	3.6300	-0.0000	6638.3555	-8.7446	0.0000	-5.7056	0.0000
21.1000	1222.5601	-2.5087	18108.8114	6592.1840	0.0000	0.1328	679.8633	22611.5000	8000.0000	0.0000	24556.0000	7000.0000	0.0000	-3.3822	3.6203	-0.0000	6476.2858	-7.8379	0.0000	-4.9910	0.0000
21.2000	1223.4757	-1.7472	18230.6083	6603.2195	0.0000	0.1330	678.8392	22576.5000	8000.0000	0.0000	24516.0000	7000.0000	0.0000	-3.0074	3.6128	-0.0000	6314.1247	-6.9400	0.0000	-4.2837	0.0000
21.3000	1224.5436	-0.9851	18352.5283	6613.9857	0.0000	0.1330	677.8189	22541.5000	8000.0000	0.0000	24476.0000	7000.0000	0.0000	-2.6321	3.6075	-0.0000	6151.8593	-6.0519	0.0000	-3.5847	0.0000
21.4000	1225.7531	-0.2232	18474.5834	6624.5057	0.0000	0.1329	676.8023	22506.5000	8000.0000	0.0000	24436.0000	7000.0000	0.0000	-2.2570	3.6043	-0.0000	5989.4759	-5.1744	0.0000	-2.8957	0.0000
21.5000	1227.0888	0.5376	18596.7848	6634.8024	0.0000	0.1326	675.7894	22471.5000	8000.0000	0.0000	24396.0000	7000.0000	0.0000	-1.8819	3.6033	-0.0000	5826.9617	-4.3085	0.0000	-2.2181	0.0000
21.6000	1228.5317	1.2962	18719.1419	6644.8992	0.0000	0.1321	674.7804	22436.5000	8000.0000	0.0000	24356.0000	7000.0000	0.0000	-1.5087	3.6044	-0.0000	5664.3058	-3.4552	0.0000	-1.5532	0.0000
21.7000	1230.0899	2.0516	18841.6630	6654.8191	0.0000	0.1314	673.7750	22401.5000	8000.0000	0.0000	24316.0000	7000.0000	0.0000	-1.1408	3.6076	-0.0000	5501.4983	-2.6158	0.0000	-0.9020	0.0000
21.8000	1231.8123	2.8022	18964.3603	6664.5853	0.0000	0.1305	672.7734	22366.5000	8000.0000	0.0000	24276.0000	7000.0000	0.0000	-0.7751	3.6126	-0.0000	5338.5263	-1.7915	0.0000	-0.2653	0.0000
21.9000	1233.5889	3.5467	19087.2441	6674.2210	0.0000	0.1292	671.7756	22331.5000	8000.0000	0.0000	24236.0000	7000.0000	0.0000	-0.4106	3.6197	-0.0000	5175.3770	-0.9837	0.0000	0.3549	0.0000
22.0000	1235.3762	4.2845	19210.3151	6683.7488	0.0000	0.1283	670.7815	22296.5000	8000.0000	0.0000	24196.0000	7000.0000	0.0000	-0.0525	3.6285	-0.0000	5012.0478	-0.1933	0.0000	0.9811	0.0000
22.1000	1237.1371	5.0164	19333.5716	6693.1906	0.0000	0.1267	669.7912	22261.5000	8000.0000	0.0000	24156.0000	7000.0000	0.0000	0.2973	3.6392	-0.0000	4848.5390	0.5811	0.0000	1.5430	0.0000
22.2000	1238.8054	5.7346	19457.0055	6702.5678	0.0000	0.1237	668.8046	22226.5000	8000.0000	0.0000	24116.0000	7000.0000	0.0000	0.6346	3.6515	-0.0000	4684.8564	1.3326	0.0000	2.0961	0.0000
22.3000	1240.3752	6.4355	19580.6057	6711.9004	0.0000	0.1207	667.8217	22191.5000	8000.0000	0.0000	24076.0000	7000.0000	0.0000	0.9581	3.6655	-0.0000	4521.0100	2.0573	0.0000	2.6436	0.0000
22.4000	1241.7649	7.1195	19704.3581	6721.2076	0.0000	0.1177	666.8427	22156.5000	8000.0000	0.0000	24036.0000	7000.0000	0.0000	1.2617	3.6810	-0.0000	4357.0118	2.7560	0.0000	3.1663	0.0000
22.5000	1242.9392	7.7860	19828.2405	6730.5065	0.0000	0.1146	665.8673	22121.5000	8000.0000	0.0000	23996.0000	7000.0000	0.0000	1.5509	3.6979	-0.0000	4192.8827	3.4289	0.0000	3.6673	0.0000
22.6000	1243.9569	8.4345	19952.2326	6739.8133	0.0000	0.1114	664.8957	22086.5000	8000.0000	0.0000	23956.0000	7000.0000	0.0000	1.8272	3.7163	-0.0000	4028.6422	4.0757	0.0000	4.1465	0.0000
22.7000	1244.8279	9.0640	20076.3184	6749.1439	0.0000	0.1080	663.9279	22051.5000	8000.0000	0.0000	23916.0000	7000.0000	0.0000	2.0889	3.7359	-0.0000	3864.3058	4.6960	0.0000	4.6042	0.0000
22.8000	1245.5534	9.6740	20200.4820	6758.5133	0.0000	0.1046	662.9638	22016.5000	8000.0000	0.0000	23876.0000	7000.0000	0.0000	2.3356	3.7569	-0.0000	3699.8881	5.2898	0.0000	5.0406	0.0000
22.9000	1246.1294	10.2640	20324.7077	6767.9353	0.0000	0.1010	662.0035	21981.5000	8000.0000	0.0000	23836.0000	7000.0000	0.0000	2.5674	3.7790	-0.0000	3535.4041	5.8568	0.0000	5.4563	0.0000
23.0000	1246.5593	10.8337	20448.9795	6777.4229	0.0000	0.0975	661.0469	21946.5000	8000.0000	0.0000	23796.0000	7000.0000	0.0000	2.7850	3.8022	-0.0000	3370.8688	6.3973	0.0000	5.8517	0.0000
23.1000	1246.8478	11.3830	20573.2821	6786.9880	0.0000	0.0939	660.0940	21911.5000	8000.0000	0.0000	23756.0000	7000.0000	0.0000	2.9890	3.8265	-0.0000	3206.2968	6.9116	0.0000	6.2272	0.0000
23.2000	1246.9999	11.9120	20697.6006	6796.6419	0.0000	0.0904	659.1450	21876.5000	8000.0000	0.0000	23716.0000	7000.0000	0.0000	3.1798	3.8518	-0.0000	3041.7022	7.4001	0.0000	6.5834	0.0000
23.3000	1247.0210	12.4211	20821.9206	6806.3949	0.0000	0.0870	658.1996	21841.5000	8000.0000	0.0000	23676.0000	7000.0000	0.0000	3.3578	3.8780	-0.0000	2877.0987	7.8635	0.0000	6.9209	0.0000
23.4000	1246.9350	12.9106	20946.2288	6816.2566	0.0000	0.0836	657.2580	21806.5000	8000.0000	0.0000	23636.0000	7000.0000	0.0000	3.5306	3.9052	-0.0000	2712.4992	8.3026	0.0000	7.2394	0.0000
23.5000	1246.7911	13.3807	21070.5162	6826.2369	0.0000	0.0802	656.3202	21771.5000	8000.0000	0.0000	23596.0000	7000.0000	0.0000	3.6949	3.9331	-0.0000	2547.9123	8.7174	0.0000	7.5357	0.0000
23.6000	1246.5925	13.8311	21194.7764	6836.3452	0.0000	0.0767	655.3861	21736.5000	8000.0000	0.0000	23556.0000	7000.0000	0.0000	3.8480	3.9619	-0.0000	2383.3438	9.1082	0.0000	7.8105	0.0000
23.7000	1246.3408	14.2610	21319.0029	6846.5906	0.0000	0.0730	654.4558	21701.5000	8000.0000	0.0000	23516.0000	7000.0000	0.0000	3.9896	3.9913	-0.0000	2218.7995	9.4743	0.0000	8.0635	0.0000
23.8000	1246.0377	14.6693	21443.1899	6856.9811	0.0000	0.0691	653.5292	21666.5000	8000.0000	0.0000	23476.0000	7000.0000	0.0000	4.1197	4.0214	-0.0000	2054.2846	9.8151	0.0000	8.2940	0.0000
23.9000	1245.6852	15.0549	21567.3313	6867.5243	0.0000	0.0650	652.6063	21631.5000	8000.0000	0.0000	23436.0000	7000.0000	0.0000	4.2381	4.0520	-0.0000	1889.8046	10.1297	0.0000	8.5008	0.0000
24.0000	1245.2858	15.4163	21691.4215	6878.2269	0.0000	0.0606	651.6873	21596.5000	8000.0000	0.0000	23396.0000	7000.0000	0.0000	4.3443	4.0831	-0.0000	1725.3643	10.4172	0.0000	8.6821	0.0000
24.1000	1244.8420	15.7518	21815.4552	6889.0950	0.0000	0.0559	650.7719	21561.5000	8000.0000	0.0000	23356.0000	7000.0000	0.0000	4.4379	4.1145	-0.0000	1560.9686	10.6760	0.0000	8.8356	0.0000
24.2000	1244.3568	16.0589	21939.4274	6900.1337	0.0000	0.0507	649.8603	21526.5000	8000.0000	0.0000	23316.0000	7000.0000	0.0000	4.5181	4.1462	-0.0000	1396.6221	10.9042	0.0000	8.9576	0.0000
24.3000	1243.8338	16.3346	22063.3334	6911.3476	0.0000	0.0448	648.9525	21491.5000	8000.0000	0.0000	23276.0000	7000.0000	0.0000	4.5841	4.1780	-0.0000	1232.3290	11.0993	0.0000	9.0425	0.0000
24.4000	1243.2766	16.5746	22187.1690	6922.7402	0.0000	0.0381	648.0484	21456.5000	8000.0000	0.0000	23236.0000	7000.0000	0.0000	4.6341	4.2098	-0.0000	1068.0930	11.2574	0.0000	9.0815	0.0000
24.5000	1242.6899	16.7723	22310.9305	6934.3140	0.0000	0.0298	647.1481	21421.5000	8000.0000	0.0000	23196.0000	7000.0000	0.0000	4.6658	4.2413	-0.0000	903.9177	11.3729	0.0000	9.0583	0.0000
24.6000	1242.0791	16.9172	22434.6147	6946.0707	0.0000	0.0192	646.2515	21386.5000	8000.0000	0.0000	23156.0000	7000.0000	0.0000	4.6748	4.2723	-0.0000	739.8059	11.4363	0.0000	8.9412	0.0000
24.7000	1241.4511	16.9907	22558.2191	6958.0103	0.0000	0.0039	645.3586	21351.5000	8000.0000	0.0000	23116.0000	7000.0000	0.0000	4.6528	4.3022	-0.0000	575.7601	11.4308	0.0000	8.6552	0.0000
24.8000	1240.8161	16.9541	22681.7424	6970.1307	0.0000	-0.0219	644.4696	21316.5000	8000.0000	0.0000	23076.0000	7000.0000	0.0000	4.5803	4.3299	-0.0000	411.7816	11.3221	0.0000	7.9759	0.0000
24.9000	1240.1925	16.7049	22805.1848	6982.4267	0.0000	-0.0810	643.5842	21281.5000	8000.0000	0.0000	23036.0000	7000.0000	0.0000	4.3915	4.3523	-0.0000	247.8706	11.0210	0.0000	5.8426	0.0000
25.0000	1239.6469	15.7514	22928.5510	6994.8819	0.0000	-0.4010	642.7026	21246.5000	8000.0000	0.0000	22996.0000	7000.0000	0.0000	3.4068	4.3476	-0.0000	84.0244	10.1395	0.0000	-14.9640	0.0000
25.0400	1239.5173	14.3793	22977.8809	6999.8929	0.0000	-0.9217	642.3511	21232.5000	8000.0000	0.0000	22980.0000	7000.0000	0.0000	2.5192	4.2164	-0.0000	18.5011	9.0334	0.0000	-30.0000	0.0000
