0	350.966	45.0000	2.4749	2.4749	0.0000	0.0000	979.8183	29996.5000	8000.0000	0.0000	32996.0000	7000.0000	0.0000	-0.0000	45.0000	-0.0000	30000.0000	-0.0000	0.0000	0.0000	0.0000
0.1000	360.5789	45.0003	27.6252	27.5713	0.0000	0.0002	978.0029	29961.5000	8000.0000	0.0000	32956.0000	7000.0000	0.0000	0.0477	45.0001	-0.0000	29964.5664	0.1104	0.0000	0.1608	0.0000
0.2000	370.1084	45.0022	53.5012	53.2961	0.0000	0.0005	976.1913	29926.5000	8000.0000	0.0000	32916.0000	7000.0000	0.0000	0.0934	45.0003	-0.0000	29928.1745	0.2157	0.0000	0.2961	0.0000
0.3000	379.5542	45.0062	80.0964	79.6435	0.0000	0.0010	974.3835	29891.5000	8000.0000	0.0000	32876.0000	7000.0000	0.0000	0.1376	45.0006	-0.0000	29890.8329	0.3172	0.0000	0.4178	0.0000
0.4000	388.9280	45.0128	107.4049	106.6084	0.0000	0.0014	972.5794	29856.5000	8000.0000	0.0000	32836.0000	7000.0000	0.0000	0.1808	45.0010	-0.0000	29852.5496	0.4156	0.0000	0.5322	0.0000
0.5000	398.2305	45.0219	135.4210	134.1861	0.0000	0.0018	970.7791	29821.5000	8000.0000	0.0000	32796.0000	7000.0000	0.0000	0.2231	45.0016	-0.0000	29813.3319	0.5111	0.0000	0.6428	0.0000
0.6000	407.4609	45.0333	164.1392	162.3720	0.0000	0.0022	968.9825	29786.5000	8000.0000	0.0000	32756.0000	7000.0000	0.0000	0.2645	45.0023	-0.0000	29773.1869	0.6041	0.0000	0.7516	0.0000
0.7000	416.6180	45.0469	193.5535	191.1617	0.0000	0.0026	967.1896	29751.5000	8000.0000	0.0000	32716.0000	7000.0000	0.0000	0.3047	45.0032	-0.0000	29732.1221	0.6945	0.0000	0.8536	0.0000
0.8000	425.7006	45.0624	223.6581	220.5503	0.0000	0.0029	965.4006	29716.5000	8000.0000	0.0000	32676.0000	7000.0000	0.0000	0.3438	45.0041	-0.0000	29690.1449	0.7825	0.0000	0.9528	0.0000
0.9000	434.7076	45.0796	254.4471	250.5332	0.0000	0.0031	963.6152	29681.5000	8000.0000	0.0000	32636.0000	7000.0000	0.0000	0.3821	45.0052	-0.0000	29647.2628	0.8680	0.0000	1.0498	0.0000
1.0000	443.6381	45.0982	285.9142	281.1058	0.0000	0.0034	961.8336	29646.5000	8000.0000	0.0000	32596.0000	7000.0000	0.0000	0.4194	45.0065	-0.0000	29603.4835	0.9510	0.0000	1.1444	0.0000
1.1000	452.4912	45.1181	318.0534	312.2632	0.0000	0.0036	960.0558	29611.5000	8000.0000	0.0000	32556.0000	7000.0000	0.0000	0.4557	45.0078	-0.0000	29558.8146	1.0316	0.0000	1.2372	0.0000
1.2000	461.2661	45.1390	350.8584	344.0007	0.0000	0.0038	958.2817	29576.5000	8000.0000	0.0000	32516.0000	7000.0000	0.0000	0.4911	45.0093	-0.0000	29513.2641	1.1098	0.0000	1.3283	0.0000
1.3000	469.9618	45.1610	384.3227	376.3135	0.0000	0.0039	956.5114	29541.5000	8000.0000	0.0000	32476.0000	7000.0000	0.0000	0.5255	45.0108	-0.0000	29466.8397	1.1857	0.0000	1.4173	0.0000
1.4000	478.5778	45.1837	418.4401	409.1966	0.0000	0.0040	954.7448	29506.5000	8000.0000	0.0000	32436.0000	7000.0000	0.0000	0.5591	45.0126	-0.0000	29419.5495	1.2592	0.0000	1.5043	0.0000
1.5000	487.1134	45.2072	453.2039	442.6454	0.0000	0.0042	952.9819	29471.5000	8000.0000	0.0000	32396.0000	7000.0000	0.0000	0.5917	45.0144	-0.0000	29371.4015	1.3306	0.0000	1.5892	0.0000
1.6000	495.5678	45.2313	488.6077	476.6548	0.0000	0.0043	951.2229	29436.5000	8000.0000	0.0000	32356.0000	7000.0000	0.0000	0.6234	45.0163	-0.0000	29322.4037	1.3997	0.0000	1.6721	0.0000
1.7000	503.9406	45.2560	524.6449	511.2199	0.0000	0.0043	949.4675	29401.5000	8000.0000	0.0000	32316.0000	7000.0000	0.0000	0.6543	45.0184	-0.0000	29272.5644	1.4667	0.0000	1.7531	0.0000
1.8000	512.2336	45.2811	561.3089	546.3358	0.0000	0.0044	947.7159	29366.5000	8000.0000	0.0000	32276.0000	7000.0000	0.0000	0.6845	45.0205	-0.0000	29221.8916	1.5317	0.0000	1.8248	0.0000
1.9000	520.4589	45.3066	598.5936	581.9981	0.0000	0.0045	945.9681	29331.5000	8000.0000	0.0000	32236.0000	7000.0000	0.0000	0.7141	45.0228	-0.0000	29170.3930	1.5946	0.0000	1.8858	0.0000
2.0000	528.6190	45.3324	636.4934	618.2030	0.0000	0.0045	944.2240	29296.5000	8000.0000	0.0000	32196.0000	7000.0000	0.0000	0.7429	45.0252	-0.0000	29118.0752	1.6556	0.0000	1.9438	0.0000
2.1000	536.7144	45.3586	675.0028	654.9468	0.0000	0.0046	942.4837	29261.5000	8000.0000	0.0000	32156.0000	7000.0000	0.0000	0.7710	45.0277	-0.0000	29064.9446	1.7147	0.0000	1.9992	0.0000
2.2000	544.7459	45.3850	714.1166	692.2257	0.0000	0.0046	940.7471	29226.5000	8000.0000	0.0000	32116.0000	7000.0000	0.0000	0.7984	45.0303	-0.0000	29011.0077	1.7719	0.0000	2.0520	0.0000
2.3000	552.7141	45.4117	753.8293	730.0362	0.0000	0.0047	939.0142	29191.5000	8000.0000	0.0000	32076.0000	7000.0000	0.0000	0.8251	45.0330	-0.0000	28956.2709	1.8273	0.0000	2.1024	0.0000
2.4000	560.6199	45.4385	794.1356	768.3748	0.0000	0.0047	937.2852	29156.5000	8000.0000	0.0000	32036.0000	7000.0000	0.0000	0.8511	45.0358	-0.0000	28900.7405	1.8810	0.0000	2.1504	0.0000
2.5000	568.4639	45.4655	835.0302	807.2378	0.0000	0.0047	935.5598	29121.5000	8000.0000	0.0000	31996.0000	7000.0000	0.0000	0.8764	45.0387	-0.0000	28844.4227	1.9331	0.0000	2.1962	0.0000
2.6000	576.2471	45.4927	876.5080	846.6219	0.0000	0.0047	933.8382	29086.5000	8000.0000	0.0000	31956.0000	7000.0000	0.0000	0.9011	45.0418	-0.0000	28787.3236	1.9834	0.0000	2.2398	0.0000
2.7000	583.9691	45.5198	918.5638	886.5236	0.0000	0.0048	932.1204	29051.5000	8000.0000	0.0000	31916.0000	7000.0000	0.0000	0.9250	45.0449	-0.0000	28729.4493	2.0322	0.0000	2.2813	0.0000
2.8000	591.6282	45.5471	961.1923	926.9394	0.0000	0.0048	930.4063	29016.5000	8000.0000	0.0000	31876.0000	7000.0000	0.0000	0.9483	45.0481	-0.0000	28670.8059	2.0795	0.0000	2.3208	0.0000
2.9000	599.2250	45.5744	1004.3883	967.8659	0.0000	0.0048	928.6960	28981.5000	8000.0000	0.0000	31836.0000	7000.0000	0.0000	0.9709	45.0514	-0.0000	28611.3997	2.1252	0.0000	2.3585	0.0000
3.0000	606.7604	45.6017	1048.1465	1009.2994	0.0000	0.0048	926.9894	28946.5000	8000.0000	0.0000	31796.0000	7000.0000	0.0000	0.9930	45.0548	-0.0000	28551.2369	2.1695	0.0000	2.3940	0.0000
3.1000	614.2695	44.4349	1092.4722	1051.2272	0.0000	-0.3743	925.2865	28911.5000	8000.0000	0.0000	31756.0000	7000.0000	0.0000	0.3834	14.0290	-0.0000	28682.4896	1.2512	0.0000	-17.2325	0.0000
3.2000	621.7699	41.9715	1137.3865	1093.6254	0.0000	-0.4699	923.5875	28876.5000	8000.0000	0.0000	31716.0000	7000.0000	0.0000	-0.6229	13.9854	-0.0000	28594.7586	-1.0735	0.0000	-13.3745	0.0000
3.3000	629.0850	39.2522	1182.9188	1136.4527	0.0000	-0.4719	921.8921	28841.5000	8000.0000	0.0000	31676.0000	7000.0000	0.0000	-1.7773	13.9411	-0.0000	28506.3426	-3.6616	0.0000	-13.4824	0.0000
3.4000	636.0886	36.6075	1229.0921	1179.6449	0.0000	-0.4466	920.2005	28806.5000	8000.0000	0.0000	31636.0000	7000.0000	0.0000	-2.8772	13.8960	-0.0000	28417.2343	-6.1391	0.0000	-14.6240	0.0000
3.5000	642.7824	34.1311	1275.9249	1223.1363	0.0000	-0.4141	918.5127	28771.5000	8000.0000	0.0000	31596.0000	7000.0000	0.0000	-3.8717	13.8504	-0.0000	28327.4317	-8.4046	0.0000	-15.9483	0.0000
3.6000	649.2587	31.8441	1323.4341	1266.8662	0.0000	-0.3810	916.8286	28736.5000	8000.0000	0.0000	31556.0000	7000.0000	0.0000	-4.7727	13.8043	-0.0000	28236.9340	-10.4383	0.0000	-17.1999	0.0000
3.7000	655.5541	29.7442	1371.6395	1310.7827	0.0000	-0.3491	915.1483	28701.5000	8000.0000	0.0000	31516.0000	7000.0000	0.0000	-5.5683	13.7579	-0.0000	28145.7347	-12.2462	0.0000	-18.3078	0.0000
3.8000	661.6661	27.8217	1420.5576	1354.8378	0.0000	-0.3193	913.4717	28666.5000	8000.0000	0.0000	31476.0000	7000.0000	0.0000	-6.2657	13.7113	-0.0000	28053.8290	-13.8432	0.0000	-19.2601	0.0000
3.9000	667.5972	26.0648	1470.2008	1398.9868	0.0000	-0.2915	911.7988	28631.5000	8000.0000	0.0000	31436.0000	7000.0000	0.0000	-6.8734	13.6645	-0.0000	27961.2152	-15.2457	0.0000	-20.0638	0.0000
4.0000	673.3542	24.4618	1520.5784	1443.1885	0.0000	-0.2658	910.1298	28596.5000	8000.0000	0.0000	31396.0000	7000.0000	0.0000	-7.3997	13.6176	-0.0000	27867.8940	-16.4698	0.0000	-20.7309	0.0000
4.1000	678.9463	23.0014	1571.6968	1487.4048	0.0000	-0.2420	908.4644	28561.5000	8000.0000	0.0000	31356.0000	7000.0000	0.0000	-7.8526	13.5707	-0.0000	27773.8677	-17.5307	0.0000	-21.2742	0.0000
4.2000	684.3849	21.6726	1623.5600	1531.6013	0.0000	-0.2200	906.8028	28526.5000	8000.0000	0.0000	31316.0000	7000.0000	0.0000	-8.2393	13.5240	-0.0000	27679.1401	-18.4428	0.0000	-21.7058	0.0000
4.3000	689.6823	20.4653	1676.1704	1575.7464	0.0000	-0.1997	905.1450	28491.5000	8000.0000	0.0000	31276.0000	7000.0000	0.0000	-8.5667	13.4773	-0.0000	27583.7159	-19.2192	0.0000	-22.0368	0.0000
4.4000	694.8515	19.3697	1729.5287	1619.8117	0.0000	-0.1811	903.4909	28456.5000	8000.0000	0.0000	31236.0000	7000.0000	0.0000	-8.8409	13.4309	-0.0000	27487.6004	-19.8723	0.0000	-22.2774	0.0000
4.5000	699.9056	18.3770	1783.6346	1663.7719	0.0000	-0.1640	901.8406	28421.5000	8000.0000	0.0000	31196.0000	7000.0000	0.0000	-9.0673	13.3846	-0.0000	27390.7997	-20.4134	0.0000	-22.4371	0.0000
4.6000	704.8575	17.4787	1838.4868	1707.6039	0.0000	-0.1483	900.1940	28386.5000	8000.0000	0.0000	31156.0000	7000.0000	0.0000	-9.2507	13.3387	-0.0000	27293.3196	-20.8530	0.0000	-22.5442	0.0000
4.7000	709.7197	16.6669	1894.0831	1751.2875	0.0000	-0.1338	898.5511	28351.5000	8000.0000	0.0000	31116.0000	7000.0000	0.0000	-9.3956	13.2931	-0.0000	27195.1665	-21.2008	0.0000	-22.5961	0.0000
4.8000	714.5040	15.9346	1950.4208	1794.8047	0.0000	-0.1207	896.9121	28316.5000	8000.0000	0.0000	31076.0000	7000.0000	0.0000	-9.5062	13.2479	-0.0000	27096.3465	-21.4655	0.0000	-22.5899	0.0000
4.9000	719.2214	15.2749	2007.4968	1838.1396	0.0000	-0.1086	895.2767	28281.5000	8000.0000	0.0000	31036.0000	7000.0000	0.0000	-9.5859	13.2031	-0.0000	26996.8656	-21.6554	0.0000	-22.5318	0.0000
5.0000	723.8821	14.6816	2065.3076	1881.2783	0.0000	-0.0976	893.6451	28246.5000	8000.0000	0.0000	30996.0000	7000.0000	0.0000	-9.6382	13.1587	-0.0000	26896.7299	-21.7780	0.0000	-22.4274	0.0000
5.1000	728.4957	14.1488	2123.8494	1924.2088	0.0000	-0.0875	892.0173	28211.5000	8000.0000	0.0000	30956.0000	7000.0000	0.0000	-9.6659	13.1148	-0.0000	26795.9451	-21.8402	0.0000	-22.2819	0.0000
5.2000	733.0704	13.6712	2183.1184	1966.9206	0.0000	-0.0784	890.3932	28176.5000	8000.0000	0.0000	30916.0000	7000.0000	0.0000	-9.6715	13.0713	-0.0000	26694.5168	-21.8483	0.0000	-22.1002	0.0000
5.3000	737.6142	13.2439	2243.1104	2009.4047	0.0000	-0.0701	888.7729	28141.5000	8000.0000	0.0000	30876.0000	7000.0000	0.0000	-9.6575	13.0284	-0.0000	26592.4502	-21.8081	0.0000	-21.8864	0.0000
5.4000	742.1336	12.8624	2303.8214	2051.6535	0.0000	-0.0625	887.1563	28106.5000	8000.0000	0.0000	30836.0000	7000.0000	0.0000	-9.6260	12.9859	-0.0000	26489.7504	-21.7250	0.0000	-21.6447	0.0000
5.5000	746.6349	12.5225	2365.2471	2093.6608	0.0000	-0.0556	885.5434	28071.5000	8000.0000	0.0000	30796.0000	7000.0000	0.0000	-9.5789	12.9440	-0.0000	26386.4223	-21.6036	0.0000	-21.3784	0.0000
5.6000	751.1232	12.2203	2427.3832	2135.4211	0.0000	-0.0493	883.9344	28036.5000	8000.0000	0.0000	30756.0000	7000.0000	0.0000	-9.5179	12.9026	-0.0000	26282.4706	-21.4485	0.0000	-21.0910	0.0000
5.7000	755.6032	11.9525	2490.2254	2176.9303	0.0000	-0.0437	882.3290	28001.5000	8000.0000	0.0000	30716.0000	7000.0000	0.0000	-9.4445	12.8618	-0.0000	26177.8996	-21.2635	0.0000	-20.7854	0.0000
5.8000	760.0787	11.7159	2553.7696	2218.1850	0.0000	-0.0385	880.7274	27966.5000	8000.0000	0.0000	30676.0000	7000.0000	0.0000	-9.3603	12.8215	-0.0000	26072.7136	-21.0524	0.0000	-20.4641	0.0000
5.9000	764.5533	11.5075	2618.0113	2259.1827	0.0000	-0.0338	879.1296	27931.5000	8000.0000	0.0000	30636.0000	7000.0000	0.0000	-9.2665	12.7818	-0.0000	25966.9166	-20.8184	0.0000	-20.1302	0.0000
6.0000	769.0295	11.3247	2682.9464	2299.9216	0.0000	-0.0296	877.5355	27896.5000	8000.0000	0.0000	30596.0000	7000.0000	0.0000	-9.1644	12.7427	-0.0000	25860.5126	-20.5644	0.0000	-19.7857	0.0000
6.1000	773.5097	11.1651	2748.5706	2340.4006	0.0000	-0.0258	875.9452	27861.5000	8000.0000	0.0000	30556.0000	7000.0000	0.0000	-9.0549	12.7042	-0.0000	25753.5053	-20.2934	0.0000	-19.4319	0.0000
6.2000	777.9957	11.0263	2814.8797	2380.6190	0.0000	-0.0224	874.3586	27826.5000	8000.0000	0.0000	30516.0000	7000.0000	0.0000	-8.9389	12.6662	-0.0000	25645.8983	-20.0076	0.0000	-19.0707	0.0000
6.3000	782.4890	10.9064	2881.8693	2420.5768	0.0000	-0.0192	872.7757	27791.5000	8000.0000	0.0000	30476.0000	7000.0000	0.0000	-8.8173	12.6288	-0.0000	25537.6950	-19.7093	0.0000	-18.7039	0.0000
6.4000	786.9907	10.8037	2949.5353	2460.2744	0.0000	-0.0164	871.1967	27756.5000	8000.0000	0.0000	30436.0000	7000.0000	0.0000	-8.6908	12.5920	-0.0000	25428.8989	-19.4004	0.0000	-18.3327	0.0000
6.5000	791.5017	10.7165	3017.8736	2499.7127	0.0000	-0.0138	869.6213	27721.5000	8000.0000	0.0000	30396.0000	7000.0000	0.0000	-8.5602	12.5558	-0.0000	25319.5133	-19.0828	0.0000	-17.9584	0.0000
6.6000	796.0224	10.6434	3086.8799	2538.8929	0.0000	-0.0115	868.0497	27686.5000	8000.0000	0.0000	30356.0000	7000.0000	0.0000	-8.4260	12.5202	-0.0000	25209.5412	-18.7578	0.0000	-17.5823	0.0000
6.7000	800.5532	10.5831	3156.5500	2577.8165	0.0000	-0.0094	866.4819	27651.5000	8000.0000	0.0000	30316.0000	7000.0000	0.0000	-8.2889	12.4852	-0.0000	25098.9859	-18.4270	0.0000	-17.2052	0.0000
6.8000	805.0942	10.5344	3226.8799	2616.4855	0.0000	-0.0075	864.9178	27616.5000	8000.0000	0.0000	30276.0000	7000.0000	0.0000	-8.1493	12.4507	-0.0000	24987.8504	-18.0916	0.0000	-16.8281	0.0000
6.9000	809.6453	10.4961	3297.8653	2654.9019	0.0000	-0.0057	863.3575	27581.5000	8000.0000	0.0000	30236.0000	7000.0000	0.0000	-8.0076	12.4168	-0.0000	24876.1378	-17.7528	0.0000	-16.4517	0.0000
7.0000	814.2062	10.4673	3369.5022	2693.0680	0.0000	-0.0042	861.8009	27546.5000	8000.0000	0.0000	30196.0000	7000.0000	0.0000	-7.8644	12.3836	-0.0000	24763.8509	-17.4115	0.0000	-16.0768	0.0000
7.1000	818.7766	10.4472	3441.7864	2730.9865	0.0000	-0.0027	860.2480	27511.5000	8000.0000	0.0000	30156.0000	7000.0000	0.0000	-7.7200	12.3509	-0.0000	24650.9928	-17.0686	0.0000	-15.7040	0.0000
7.2000	823.3559	10.4349	3514.7138	2768.6601	0.0000	-0.0014	858.6990	27476.5000	8000.0000	0.0000	30116.0000	7000.0000	0.0000	-7.5747	12.3188	-0.0000	24537.5662	-16.7249	0.0000	-15.3337	0.0000
7.3000	827.9437	10.4297	3588.2803	2806.0917	0.0000	-0.0003	857.1536	27441.5000	8000.0000	0.0000	30076.0000	7000.0000	0.0000	-7.4279	12.2872	-0.0000	24423.5742	-16.3811	0.0000	-14.9475	0.0000
7.4000	832.5396	10.4310	3662.4818	2843.2845	0.0000	0.0008	855.6120	27406.5000	8000.0000	0.0000	30036.0000	7000.0000	0.0000	-7.2806	12.2563	-0.0000	24309.0194	-16.0379	0.0000	-14.5618	0.0000
7.5000	837.1428	10.4381	3737.3142	2880.2417	0.0000	0.0018	854.0742	27371.5000	8000.0000	0.0000	29996.0000	7000.0000	0.0000	-7.1334	12.2259	-0.0000	24193.9048	-15.6959	0.0000	-14.1809	0.0000
7.6000	841.7524	10.4505	3812.7734	2916.9668	0.0000	0.0026	852.5401	27336.5000	8000.0000	0.0000	29956.0000	7000.0000	0.0000	-6.9863	12.1960	-0.0000	24078.2331	-15.3555	0.0000	-13.8051	0.0000
7.7000	846.3676	10.4678	3888.8554	2953.4633	0.0000	0.0034	851.0098	27301.5000	8000.0000	0.0000	29916.0000	7000.0000	0.0000	-6.8397	12.1668	-0.0000	23962.0071	-15.0171	0.0000	-13.4347	0.0000
7.8000	850.9876	10.4895	3965.5560	2989.7346	0.0000	0.0042	849.4832	27266.5000	8000.0000	0.0000	29876.0000	7000.0000	0.0000	-6.6937	12.1380	-0.0000	23845.2296	-14.6812	0.0000	-13.0699	0.0000
7.9000	855.6115	10.5151	4042.8712	3025.7845	0.0000	0.0048	847.9603	27231.5000	8000.0000	0.0000	29836.0000	7000.0000	0.0000	-6.5484	12.1099	-0.0000	23727.9033	-14.3481	0.0000	-12.7108	0.0000
8.0000	860.2384	10.5444	4120.7969	3061.6167	0.0000	0.0054	846.4413	27196.5000	8000.0000	0.0000	29796.0000	7000.0000	0.0000	-6.4039	12.0823	-0.0000	23610.0311	-14.0180	0.0000	-12.3577	0.0000
8.1000	864.8673	10.5769	4199.3291	3097.2348	0.0000	0.0060	844.9259	27161.5000	8000.0000	0.0000	29756.0000	7000.0000	0.0000	-6.2605	12.0552	-0.0000	23491.6157	-13.6912	0.0000	-12.0105	0.0000
8.2000	869.4974	10.6125	4278.4638	3132.6428	0.0000	0.0065	843.4143	27126.5000	8000.0000	0.0000	29716.0000	7000.0000	0.0000	-6.1182	12.0287	-0.0000	23372.6599	-13.3678	0.0000	-11.6695	0.0000
8.3000	874.1278	10.6508	4358.1969	3167.8443	0.0000	0.0069	841.9065	27091.5000	8000.0000	0.0000	29676.0000	7000.0000	0.0000	-5.9772	12.0027	-0.0000	23253.1663	-13.0481	0.0000	-11.3346	0.0000
8.4000	878.7575	10.6916	4438.5245	3202.8433	0.0000	0.0073	840.4024	27056.5000	8000.0000	0.0000	29636.0000	7000.0000	0.0000	-5.8374	11.9772	-0.0000	23133.1378	-12.7322	0.0000	-11.0059	0.0000
8.5000	883.3857	10.7347	4519.4425	3237.6435	0.0000	0.0077	838.9021	27021.5000	8000.0000	0.0000	29596.0000	7000.0000	0.0000	-5.6990	11.9523	-0.0000	23012.5772	-12.4202	0.0000	-10.6835	0.0000
8.6000	888.0116	10.7799	4600.9470	3272.2490	0.0000	0.0081	837.4055	26986.5000	8000.0000	0.0000	29556.0000	7000.0000	0.0000	-5.5620	11.9278	-0.0000	22891.4871	-12.1123	0.0000	-10.3672	0.0000
8.7000	892.6343	10.8269	4683.0340	3306.6634	0.0000	0.0084	835.9126	26951.5000	8000.0000	0.0000	29516.0000	7000.0000	0.0000	-5.4265	11.9039	-0.0000	22769.8703	-11.8084	0.0000	-10.0572	0.0000
8.8000	897.2531	10.8758	4765.6995	3340.8908	0.0000	0.0087	834.4236	26916.5000	8000.0000	0.0000	29476.0000	7000.0000	0.0000	-5.2925	11.8805	-0.0000	22647.7295	-11.5086	0.0000	-9.7533	0.0000
8.9000	901.8670	10.9262	4848.9397	3374.9350	0.0000	0.0089	832.9382	26881.5000	8000.0000	0.0000	29436.0000	7000.0000	0.0000	-5.1601	11.8576	-0.0000	22525.0676	-11.2131	0.0000	-9.4556	0.0000
9.0000	906.4754	10.9781	4932.7505	3408.7999	0.0000	0.0092	831.4566	26846.5000	8000.0000	0.0000	29396.0000	7000.0000	0.0000	-5.0293	11.8352	-0.0000	22401.8872	-10.9218	0.0000	-9.1640	0.0000
9.1000	911.0775	11.0313	5017.1281	3442.4893	0.0000	0.0094	829.9788	26811.5000	8000.0000	0.0000	29356.0000	7000.0000	0.0000	-4.9001	11.8133	-0.0000	22278.1911	-10.6347	0.0000	-8.8785	0.0000
9.2000	915.6725	11.0858	5102.0687	3476.0072	0.0000	0.0096	828.5047	26776.5000	8000.0000	0.0000	29316.0000	7000.0000	0.0000	-4.7725	11.7919	-0.0000	22153.9820	-10.3518	0.0000	-8.5989	0.0000
9.3000	920.2599	11.1414	5187.5682	3509.3573	0.0000	0.0098	827.0344	26741.5000	8000.0000	0.0000	29276.0000	7000.0000	0.0000	-4.6466	11.7710	-0.0000	22029.2627	-10.0732	0.0000	-8.3253	0.0000
9.4000	924.8390	11.1981	5273.6230	3542.5436	0.0000	0.0100	825.5678	26706.5000	8000.0000	0.0000	29236.0000	7000.0000	0.0000	-4.5224	11.7505	-0.0000	21904.0359	-9.7989	0.0000	-8.0575	0.0000
9.5000	929.4090	11.2557	5360.2292	3575.5698	0.0000	0.0101	824.1049	26671.5000	8000.0000	0.0000	29196.0000	7000.0000	0.0000	-4.3998	11.7305	-0.0000	21778.3043	-9.5287	0.0000	-7.7955	0.0000
9.6000	933.9695	11.3142	5447.3829	3608.4398	0.0000	0.0103	822.6459	26636.5000	8000.0000	0.0000	29156.0000	7000.0000	0.0000	-4.2789	11.7110	-0.0000	21652.0706	-9.2628	0.0000	-7.5391	0.0000
9.7000	938.5198	11.3735	5535.0804	3641.1573	0.0000	0.0104	821.1905	26601.5000	8000.0000	0.0000	29116.0000	7000.0000	0.0000	-4.1597	11.6920	-0.0000	21525.3375	-9.0010	0.0000	-7.2884	0.0000
9.8000	943.0593	11.4335	5623.3179	3673.7262	0.0000	0.0105	819.7389	26566.5000	8000.0000	0.0000	29076.0000	7000.0000	0.0000	-4.0422	11.6734	-0.0000	21398.1078	-8.7434	0.0000	-7.0432	0.0000
9.9000	947.5877	11.4942	5712.0917	3706.1500	0.0000	0.0107	818.2911	26531.5000	8000.0000	0.0000	29036.0000	7000.0000	0.0000	-3.9264	11.6552	-0.0000	21270.3842	-8.4898	0.0000	-6.8035	0.0000
10.0000	952.1043	11.5556	5801.3981	3738.4326	0.0000	0.0108	816.8470	26496.5000	8000.0000	0.0000	28996.0000	7000.0000	0.0000	-3.8123	11.6375	-0.0000	21142.1693	-8.2404	0.0000	-6.5691	0.0000
10.1000	956.6087	11.6175	5891.2333	3770.5777	0.0000	0.0109	815.4067	26461.5000	8000.0000	0.0000	28956.0000	7000.0000	0.0000	-3.6999	11.6203	-0.0000	21013.4658	-7.9949	0.0000	-6.3400	0.0000
10.2000	961.1148	11.6799	5981.5942	3802.5890	0.0000	0.0109	813.9701	26426.5000	8000.0000	0.0000	28916.0000	7000.0000	0.0000	-3.5926	11.6035	-0.0000	20884.2761	-7.7533	0.0000	-6.1159	0.0000
10.3000	965.6330	11.7429	6072.4792	3834.4705	0.0000	0.0110	812.5372	26391.5000	8000.0000	0.0000	28876.0000	7000.0000	0.0000	-3.4866	11.5871	-0.0000	20754.6008	-7.5155	0.0000	-5.8966	0.0000
10.4000	970.1624	11.8062	6163.8871	3866.2265	0.0000	0.0111	811.1082	26356.5000	8000.0000	0.0000	28836.0000	7000.0000	0.0000	-3.3820	11.5711	-0.0000	20624.4400	-7.2814	0.0000	-5.6821	0.0000
10.5000	974.7023	11.8699	6255.8169	3897.8609	0.0000	0.0112	809.6828	26321.5000	8000.0000	0.0000	28796.0000	7000.0000	0.0000	-3.2787	11.5556	-0.0000	20493.7940	-7.0510	0.0000	-5.4723	0.0000
10.6000	979.2416	11.9338	6348.2669	3929.3778	0.0000	0.0111	808.2612	26286.5000	8000.0000	0.0000	28756.0000	7000.0000	0.0000	-3.1785	11.5405	-0.0000	20362.6631	-6.8243	0.0000	-5.2942	0.0000
10.7000	983.7644	11.9970	6441.2343	3960.7804	0.0000	0.0109	806.8434	26251.5000	8000.0000	0.0000	28716.0000	7000.0000	0.0000	-3.0802	11.5258	-0.0000	20231.0493	-6.6021	0.0000	-5.1209	0.0000
10.8000	988.2698	12.0593	6534.7155	3992.0716	0.0000	0.0108	805.4293	26216.5000	8000.0000	0.0000	28676.0000	7000.0000	0.0000	-2.9837	11.5115	-0.0000	20098.9552	-6.3845	0.0000	-4.9497	0.0000
10.9000	992.7573	12.1208	6628.7069	4023.2545	0.0000	0.0107	804.0190	26181.5000	8000.0000	0.0000	28636.0000	7000.0000	0.0000	-2.8887	11.4977	-0.0000	19966.3838	-6.1715	0.0000	-4.7811	0.0000
11.0000	997.2260	12.1816	6723.2048	4054.3320	0.0000	0.0106	802.6124	26146.5000	8000.0000	0.0000	28596.0000	7000.0000	0.0000	-2.7954	11.4842	-0.0000	19833.3379	-5.9626	0.0000	-4.6154	0.0000
11.1000	1001.6756	12.2422	6818.2057	4085.3068	0.0000	0.0106	801.2095	26111.5000	8000.0000	0.0000	28556.0000	7000.0000	0.0000	-2.7035	11.4711	-0.0000	19699.8204	-5.7576	0.0000	-4.4523	0.0000
11.2000	1006.1054	12.3027	6913.7058	4116.1818	0.0000	0.0106	799.8105	26076.5000	8000.0000	0.0000	28516.0000	7000.0000	0.0000	-2.6129	11.4585	-0.0000	19565.8340	-5.5562	0.0000	-4.2919	0.0000
11.3000	1010.5150	12.3633	7009.7016	4146.9600	0.0000	0.0106	798.4151	26041.5000	8000.0000	0.0000	28476.0000	7000.0000	0.0000	-2.5235	11.4462	-0.0000	19431.3818	-5.3581	0.0000	-4.1338	0.0000
11.4000	1014.9040	12.4242	7106.1893	4177.6440	0.0000	0.0107	797.0235	26006.5000	8000.0000	0.0000	28436.0000	7000.0000	0.0000	-2.4351	11.4343	-0.0000	19296.4666	-5.1630	0.0000	-3.9780	0.0000
11.5000	1019.2720	12.4855	7203.1653	4208.2367	0.0000	0.0107	795.6357	25971.5000	8000.0000	0.0000	28396.0000	7000.0000	0.0000	-2.3478	11.4228	-0.0000	19161.0914	-4.9708	0.0000	-3.8244	0.0000
11.6000	1023.6170	12.5473	7300.6260	4238.7409	0.0000	0.0109	794.2516	25936.5000	8000.0000	0.0000	28356.0000	7000.0000	0.0000	-2.2613	11.4117	-0.0000	19025.2591	-4.7813	0.0000	-3.6728	0.0000
11.7000	1027.9381	12.6098	7398.5674	4269.1593	0.0000	0.0110	792.8713	25901.5000	8000.0000	0.0000	28316.0000	7000.0000	0.0000	-2.1757	11.4010	-0.0000	18888.9730	-4.5944	0.0000	-3.5232	0.0000
11.8000	1032.2349	12.6730	7496.9857	4299.4948	0.0000	0.0111	791.4947	25866.5000	8000.0000	0.0000	28276.0000	7000.0000	0.0000	-2.0909	11.3907	-0.0000	18752.2361	-4.4099	0.0000	-3.3755	0.0000
11.9000	1036.5072	12.7370	7595.8769	4329.7499	0.0000	0.0112	790.1218	25831.5000	8000.0000	0.0000	28236.0000	7000.0000	0.0000	-2.0070	11.3808	-0.0000	18615.0516	-4.2277	0.0000	-3.2297	0.0000
12.0000	1040.7548	12.8018	7695.2372	4359.9277	0.0000	0.0114	788.7528	25796.5000	8000.0000	0.0000	28196.0000	7000.0000	0.0000	-1.9239	11.3712	-0.0000	18477.4228	-4.0477	0.0000	-3.0856	0.0000
12.1000	1044.9776	12.8674	7795.0628	4390.0307	0.0000	0.0115	787.3874	25761.5000	8000.0000	0.0000	28156.0000	7000.0000	0.0000	-1.8416	11.3620	-0.0000	18339.3528	-3.8699	0.0000	-2.9432	0.0000
12.2000	1049.1754	12.9340	7895.3498	4420.0617	0.0000	0.0117	786.0258	25726.5000	8000.0000	0.0000	28116.0000	7000.0000	0.0000	-1.7600	11.3531	-0.0000	18200.8447	-3.6942	0.0000	-2.8025	0.0000
12.3000	1053.3479	13.0014	7996.0942	4450.0237	0.0000	0.0119	784.6680	25691.5000	8000.0000	0.0000	28076.0000	7000.0000	0.0000	-1.6791	11.3447	-0.0000	18061.9018	-3.5206	0.0000	-2.6635	0.0000
12.4000	1057.4951	13.0697	8097.2924	4479.9192	0.0000	0.0120	783.3139	25656.5000	8000.0000	0.0000	28036.0000	7000.0000	0.0000	-1.5989	11.3366	-0.0000	17922.5272	-3.3489	0.0000	-2.5262	0.0000
12.5000	1061.6168	13.1389	8198.9404	4509.7513	0.0000	0.0122	781.9636	25621.5000	8000.0000	0.0000	27996.0000	7000.0000	0.0000	-1.5195	11.3288	-0.0000	17782.7240	-3.1792	0.0000	-2.3904	0.0000
12.6000	1065.7154	13.2089	8301.0344	4539.5226	0.0000	0.0123	780.6170	25586.5000	8000.0000	0.0000	27956.0000	7000.0000	0.0000	-1.4412	11.3214	-0.0000	17642.4955	-3.0114	0.0000	-2.2563	0.0000
12.7000	1069.8018	13.2798	8403.5714	4569.2362	0.0000	0.0125	779.2741	25551.5000	8000.0000	0.0000	27916.0000	7000.0000	0.0000	-1.3639	11.3144	-0.0000	17501.8439	-2.8455	0.0000	-2.1238	0.0000
12.8000	1073.8771	13.3515	8506.5490	4598.8952	0.0000	0.0126	777.9351	25516.5000	8000.0000	0.0000	27876.0000	7000.0000	0.0000	-1.2873	11.3077	-0.0000	17360.7711	-2.6815	0.0000	-1.9929	0.0000
12.9000	1077.9411	13.4240	8609.9649	4628.5028	0.0000	0.0127	776.5997	25481.5000	8000.0000	0.0000	27836.0000	7000.0000	0.0000	-1.2112	11.3014	-0.0000	17219.2788	-2.5194	0.0000	-1.8636	0.0000
13.0000	1081.9933	13.4972	8713.8166	4658.0622	0.0000	0.0128	775.2681	25446.5000	8000.0000	0.0000	27796.0000	7000.0000	0.0000	-1.1358	11.2954	-0.0000	17077.3685	-2.3592	0.0000	-1.7359	0.0000
13.1000	1086.0337	13.5710	8818.1018	4687.5765	0.0000	0.0130	773.9403	25411.5000	8000.0000	0.0000	27756.0000	7000.0000	0.0000	-1.0611	11.2897	-0.0000	16935.0419	-2.2009	0.0000	-1.6099	0.0000
13.2000	1090.0618	13.6455	8922.8181	4717.0488	0.0000	0.0131	772.6162	25376.5000	8000.0000	0.0000	27716.0000	7000.0000	0.0000	-0.9870	11.2844	-0.0000	16792.3008	-2.0446	0.0000	-1.4855	0.0000
13.3000	1094.0705	13.7206	9027.9628	4746.4825	0.0000	0.0132	771.2959	25341.5000	8000.0000	0.0000	27676.0000	7000.0000	0.0000	-0.9131	11.2794	-0.0000	16649.1470	-1.8902	0.0000	-1.3627	0.0000
13.4000	1098.0432	13.7962	9133.5322	4775.8801	0.0000	0.0132	769.9793	25306.5000	8000.0000	0.0000	27636.0000	7000.0000	0.0000	-0.8397	11.2747	-0.0000	16505.5835	-1.7378	0.0000	-1.2415	0.0000
13.5000	1101.9792	13.8723	9239.5215	4805.2443	0.0000	0.0133	768.6664	25271.5000	8000.0000	0.0000	27596.0000	7000.0000	0.0000	-0.7672	11.2703	-0.0000	16361.6145	-1.5874	0.0000	-1.1220	0.0000
13.6000	1105.8788	13.9490	9345.9259	4834.5777	0.0000	0.0134	767.3574	25236.5000	8000.0000	0.0000	27556.0000	7000.0000	0.0000	-0.6956	11.2663	-0.0000	16217.2440	-1.4390	0.0000	-1.0040	0.0000
13.7000	1109.7417	14.0260	9452.7409	4863.8828	0.0000	0.0135	766.0520	25201.5000	8000.0000	0.0000	27516.0000	7000.0000	0.0000	-0.6247	11.2626	-0.0000	16072.4761	-1.2925	0.0000	-0.8877	0.0000
13.8000	1113.5683	14.1035	9559.9617	4893.1623	0.0000	0.0136	764.7504	25166.5000	8000.0000	0.0000	27476.0000	7000.0000	0.0000	-0.5548	11.2592	-0.0000	15927.3149	-1.1480	0.0000	-0.7730	0.0000
13.9000	1117.3584	14.1814	9667.5836	4922.4186	0.0000	0.0136	763.4526	25131.5000	8000.0000	0.0000	27436.0000	7000.0000	0.0000	-0.4857	11.2561	-0.0000	15781.7643	-1.0055	0.0000	-0.6599	0.0000
14.0000	1121.1123	14.2596	9775.6022	4951.6543	0.0000	0.0137	762.1585	25096.5000	8000.0000	0.0000	27396.0000	7000.0000	0.0000	-0.4175	11.2533	-0.0000	15635.8284	-0.8649	0.0000	-0.5493	0.0000
14.1000	1124.8298	14.3383	9884.0128	4980.8719	0.0000	0.0138	760.8682	25061.5000	8000.0000	0.0000	27356.0000	7000.0000	0.0000	-0.3502	11.2507	-0.0000	15489.5112	-0.7261	0.0000	-0.4400	0.0000
14.2000	1128.5113	14.4173	9992.8109	5010.0740	0.0000	0.0138	759.5816	25026.5000	8000.0000	0.0000	27316.0000	7000.0000	0.0000	-0.2837	11.2485	-0.0000	15342.8167	-0.5892	0.0000	-0.3318	0.0000
14.3000	1132.1567	14.4967	10101.9919	5039.2631	0.0000	0.0139	758.2987	24991.5000	8000.0000	0.0000	27276.0000	7000.0000	0.0000	-0.2179	11.2466	-0.0000	15195.7487	-0.4541	0.0000	-0.2249	0.0000
14.4000	1135.7661	14.5764	10211.5514	5068.4415	0.0000	0.0139	757.0197	24956.5000	8000.0000	0.0000	27236.0000	7000.0000	0.0000	-0.1529	11.2449	-0.0000	15048.3112	-0.3208	0.0000	-0.1191	0.0000
14.5000	1139.3398	14.6563	10321.4848	5097.6120	0.0000	0.0140	755.7443	24921.5000	8000.0000	0.0000	27196.0000	7000.0000	0.0000	-0.0888	11.2436	-0.0000	14900.5082	-0.1895	0.0000	-0.0146	0.0000
14.6000	1142.8777	14.7365	10431.7877	5126.7768	0.0000	0.0140	754.4727	24886.5000	8000.0000	0.0000	27156.0000	7000.0000	0.0000	-0.0254	11.2425	-0.0000	14752.3434	-0.0600	0.0000	0.0887	0.0000
14.7000	1146.3776	14.8168	10542.4557	5155.9385	0.0000	0.0140	753.2049	24851.5000	8000.0000	0.0000	27116.0000	7000.0000	0.0000	0.0370	11.2417	-0.0000	14603.8209	0.0676	0.0000	0.1901	0.0000
14.8000	1149.8294	14.8971	10653.4836	5185.0992	0.0000	0.0140	751.9408	24816.5000	8000.0000	0.0000	27076.0000	7000.0000	0.0000	0.0984	11.2411	-0.0000	14454.9449	0.1932	0.0000	0.2895	0.0000
14.9000	1153.2322	14.9772	10764.8657	5214.2612	0.0000	0.0140	750.6805	24781.5000	8000.0000	0.0000	27036.0000	7000.0000	0.0000	0.1587	11.2408	-0.0000	14305.7208	0.3167	0.0000	0.3871	0.0000
15.0000	1156.5863	15.0572	10876.5965	5243.4264	0.0000	0.0139	749.4239	24746.5000	8000.0000	0.0000	26996.0000	7000.0000	0.0000	0.2179	11.2408	-0.0000	14156.1536	0.4381	0.0000	0.4828	0.0000
15.1000	1159.8923	15.1369	10988.6703	5272.5967	0.0000	0.0139	748.1710	24711.5000	8000.0000	0.0000	26956.0000	7000.0000	0.0000	0.2761	11.2410	-0.0000	14006.2484	0.5574	0.0000	0.5766	0.0000
15.2000	1163.1506	15.2164	11101.0816	5301.7742	0.0000	0.0139	746.9220	24676.5000	8000.0000	0.0000	26916.0000	7000.0000	0.0000	0.3331	11.2414	-0.0000	13856.0103	0.6747	0.0000	0.6685	0.0000
15.3000	1166.3615	15.2958	11213.8249	5330.9608	0.0000	0.0138	745.6766	24641.5000	8000.0000	0.0000	26876.0000	7000.0000	0.0000	0.3891	11.2422	-0.0000	13705.4443	0.7899	0.0000	0.7585	0.0000
15.4000	1169.5255	15.3749	11326.8949	5360.1585	0.0000	0.0138	744.4350	24606.5000	8000.0000	0.0000	26836.0000	7000.0000	0.0000	0.4441	11.2431	-0.0000	13554.5553	0.9032	0.0000	0.8467	0.0000
15.5000	1172.6430	15.4538	11440.2861	5389.3690	0.0000	0.0138	743.1972	24571.5000	8000.0000	0.0000	26796.0000	7000.0000	0.0000	0.4980	11.2443	-0.0000	13403.3482	1.0146	0.0000	0.9334	0.0000
15.6000	1175.7146	15.5326	11553.9933	5418.5942	0.0000	0.0137	741.9631	24536.5000	8000.0000	0.0000	26756.0000	7000.0000	0.0000	0.5511	11.2457	-0.0000	13251.8279	1.1241	0.0000	1.0198	0.0000
15.7000	1178.7406	15.6112	11668.0112	5447.8360	0.0000	0.0137	740.7328	24501.5000	8000.0000	0.0000	26716.0000	7000.0000	0.0000	0.6033	11.2474	-0.0000	13099.9990	1.2318	0.0000	1.1046	0.0000
15.8000	1181.7215	15.6897	11782.3347	5477.0962	0.0000	0.0137	739.5062	24466.5000	8000.0000	0.0000	26676.0000	7000.0000	0.0000	0.6546	11.2492	-0.0000	12947.8665	1.3379	0.0000	1.1880	0.0000
15.9000	1184.6578	15.7681	11896.9587	5506.3765	0.0000	0.0137	738.2833	24431.5000	8000.0000	0.0000	26636.0000	7000.0000	0.0000	0.7049	11.2513	-0.0000	12795.4348	1.4422	0.0000	1.2699	0.0000
16.0000	1187.5498	15.8463	12011.8780	5535.6788	0.0000	0.0136	737.0643	24396.5000	8000.0000	0.0000	26596.0000	7000.0000	0.0000	0.7544	11.2536	-0.0000	12642.7088	1.5448	0.0000	1.3504	0.0000
16.1000	1190.3981	15.9243	12127.0878	5565.0047	0.0000	0.0136	735.8489	24361.5000	8000.0000	0.0000	26556.0000	7000.0000	0.0000	0.8029	11.2561	-0.0000	12489.6929	1.6457	0.0000	1.4295	0.0000
16.2000	1193.2032	16.0021	12242.5830	5594.3559	0.0000	0.0136	734.6373	24326.5000	8000.0000	0.0000	26516.0000	7000.0000	0.0000	0.8506	11.2589	-0.0000	12336.3916	1.7449	0.0000	1.5073	0.0000
16.3000	1195.9655	16.0797	12358.3587	5623.7341	0.0000	0.0135	733.4295	24291.5000	8000.0000	0.0000	26476.0000	7000.0000	0.0000	0.8974	11.2618	-0.0000	12182.8096	1.8425	0.0000	1.5837	0.0000
16.4000	1198.6854	16.1570	12474.4102	5653.1410	0.0000	0.0135	732.2254	24256.5000	8000.0000	0.0000	26436.0000	7000.0000	0.0000	0.9432	11.2649	-0.0000	12028.9511	1.9383	0.0000	1.6587	0.0000
16.5000	1201.3622	16.2340	12590.7326	5682.5782	0.0000	0.0134	731.0251	24221.5000	8000.0000	0.0000	26396.0000	7000.0000	0.0000	0.9879	11.2682	-0.0000	11874.8205	2.0325	0.0000	1.7324	0.0000
16.6000	1203.9841	16.3107	12707.3206	5712.0470	0.0000	0.0134	729.8285	24186.5000	8000.0000	0.0000	26356.0000	7000.0000	0.0000	1.0314	11.2717	-0.0000	11720.4227	2.1251	0.0000	1.8049	0.0000
16.7000	1206.5490	16.3871	12824.1682	5741.5487	0.0000	0.0133	728.6356	24151.5000	8000.0000	0.0000	26316.0000	7000.0000	0.0000	1.0739	11.2754	-0.0000	11565.7635	2.2160	0.0000	1.8762	0.0000
16.8000	1209.0577	16.4632	12941.2691	5771.0842	0.0000	0.0133	727.4466	24116.5000	8000.0000	0.0000	26276.0000	7000.0000	0.0000	1.1155	11.2793	-0.0000	11410.8487	2.3055	0.0000	1.9463	0.0000
16.9000	1211.5111	16.5391	13058.6174	5800.6546	0.0000	0.0132	726.2612	24081.5000	8000.0000	0.0000	26236.0000	7000.0000	0.0000	1.1563	11.2834	-0.0000	11255.6840	2.3934	0.0000	2.0153	0.0000
17.0000	1213.9100	16.6147	13176.2070	5830.2610	0.0000	0.0132	725.0796	24046.5000	8000.0000	0.0000	26196.0000	7000.0000	0.0000	1.1962	11.2876	-0.0000	11100.2750	2.4799	0.0000	2.0832	0.0000
17.1000	1216.2554	16.6900	13294.0323	5859.9044	0.0000	0.0131	723.9018	24011.5000	8000.0000	0.0000	26156.0000	7000.0000	0.0000	1.2353	11.2920	-0.0000	10944.6272	2.5650	0.0000	2.1500	0.0000
17.2000	1218.5481	16.7652	13412.0874	5889.5857	0.0000	0.0131	722.7277	23976.5000	8000.0000	0.0000	26116.0000	7000.0000	0.0000	1.2736	11.2966	-0.0000	10788.7462	2.6487	0.0000	2.2157	0.0000
17.3000	1220.7890	16.8401	13530.3667	5919.3059	0.0000	0.0131	721.5574	23941.5000	8000.0000	0.0000	26076.0000	7000.0000	0.0000	1.3111	11.3013	-0.0000	10632.6372	2.7311	0.0000	2.2804	0.0000
17.4000	1222.9788	16.9149	13648.8646	5949.0660	0.0000	0.0130	720.3908	23906.5000	8000.0000	0.0000	26036.0000	7000.0000	0.0000	1.3478	11.3062	-0.0000	10476.3055	2.8123	0.0000	2.3441	0.0000
17.5000	1225.1184	16.9895	13767.5758	5978.8669	0.0000	0.0130	719.2279	23871.5000	8000.0000	0.0000	25996.0000	7000.0000	0.0000	1.3838	11.3113	-0.0000	10319.7564	2.8922	0.0000	2.4069	0.0000
17.6000	1227.2086	17.0639	13886.4948	6008.7095	0.0000	0.0130	718.0689	23836.5000	8000.0000	0.0000	25956.0000	7000.0000	0.0000	1.4191	11.3165	-0.0000	10162.9948	2.9709	0.0000	2.4687	0.0000
17.7000	1229.2503	17.1382	14005.6163	6038.5946	0.0000	0.0129	716.9135	23801.5000	8000.0000	0.0000	25916.0000	7000.0000	0.0000	1.4537	11.3219	-0.0000	10006.0259	3.0485	0.0000	2.5297	0.0000
17.8000	1231.2517	17.1310	14124.9357	6068.5221	0.0000	-0.0125	715.7619	23766.5000	8000.0000	0.0000	25876.0000	7000.0000	0.0000	1.4419	11.3275	-0.0000	9848.8543	3.0585	0.0000	2.0516	0.0000
17.9000	1233.2398	17.0427	14244.4502	6098.4910	0.0000	-0.0169	714.6141	23731.5000	8000.0000	0.0000	25836.0000	7000.0000	0.0000	1.4097	11.3332	-0.0000	9691.4832	2.9771	0.0000	2.2011	0.0000
18.0000	1235.2256	16.9499	14364.1596	6128.4996	0.0000	-0.0147	713.4700	23696.5000	8000.0000	0.0000	25796.0000	7000.0000	0.0000	1.3702	11.3390	-0.0000	9533.9133	2.8878	0.0000	2.2294	0.0000
18.1000	1237.2067	16.8764	14484.0641	6158.5458	0.0000	-0.0105	712.3297	23661.5000	8000.0000	0.0000	25756.0000	7000.0000	0.0000	1.3382	11.3451	-0.0000	9376.1448	2.8174	0.0000	2.2289	0.0000
18.2000	1239.1769	16.8278	14604.1635	6188.6276	0.0000	-0.0061	711.1931	23626.5000	8000.0000	0.0000	25716.0000	7000.0000	0.0000	1.3173	11.3514	-0.0000	9218.1782	2.7725	0.0000	2.2302	0.0000
18.3000	1241.1295	16.8037	14724.4567	6218.7436	0.0000	-0.0020	710.0602	23591.5000	8000.0000	0.0000	25676.0000	7000.0000	0.0000	1.3077	11.3580	-0.0000	9060.0148	2.7527	0.0000	2.2425	0.0000
18.4000	1243.0583	16.8019	14844.9418	6248.8927	0.0000	0.0016	708.9312	23556.5000	8000.0000	0.0000	25636.0000	7000.0000	0.0000	1.3084	11.3648	-0.0000	8901.6566	2.7555	0.0000	2.2675	0.0000
18.5000	1244.9580	16.8197	14965.6163	6279.0743	0.0000	0.0048	707.8058	23521.5000	8000.0000	0.0000	25596.0000	7000.0000	0.0000	1.3180	11.3720	-0.0000	8743.1063	2.7779	0.0000	2.3045	0.0000
18.6000	1246.8240	16.8546	15086.4770	6309.2883	0.0000	0.0076	706.6842	23486.5000	8000.0000	0.0000	25556.0000	7000.0000	0.0000	1.3353	11.3794	-0.0000	8584.3667	2.8174	0.0000	2.3521	0.0000
18.7000	1248.6524	16.9045	15207.5202	6339.5348	0.0000	0.0100	705.5664	23451.5000	8000.0000	0.0000	25516.0000	7000.0000	0.0000	1.3591	11.3871	-0.0000	8425.4417	2.8714	0.0000	2.4089	0.0000
18.8000	1250.4401	16.9672	15328.7417	6369.8144	0.0000	0.0121	704.4523	23416.5000	8000.0000	0.0000	25476.0000	7000.0000	0.0000	1.3883	11.3951	-0.0000	8266.3350	2.9378	0.0000	2.4735	0.0000
18.9000	1252.1843	17.0413	15450.1371	6400.1277	0.0000	0.0139	703.3420	23381.5000	8000.0000	0.0000	25436.0000	7000.0000	0.0000	1.4221	11.4035	-0.0000	8107.0510	3.0146	0.0000	2.5448	0.0000
19.0000	1253.8831	17.1250	15571.7015	6430.4756	0.0000	0.0155	702.2354	23346.5000	8000.0000	0.0000	25396.0000	7000.0000	0.0000	1.4597	11.4122	-0.0000	7947.5941	3.1003	0.0000	2.6216	0.0000
19.1000	1255.5401	17.2172	15693.4300	6460.8594	0.0000	0.0168	701.1325	23311.5000	8000.0000	0.0000	25356.0000	7000.0000	0.0000	1.5011	11.4213	-0.0000	7787.9690	3.1935	0.0000	2.7031	0.0000
19.2000	1257.1590	17.3168	15815.3182	6491.2806	0.0000	0.0180	700.0335	23276.5000	8000.0000	0.0000	25316.0000	7000.0000	0.0000	1.5450	11.4306	-0.0000	7628.1798	3.2930	0.0000	2.7884	0.0000
19.3000	1258.7393	17.4227	15937.3618	6521.7408	0.0000	0.0190	698.9381	23241.5000	8000.0000	0.0000	25276.0000	7000.0000	0.0000	1.5911	11.4404	-0.0000	7468.2305	3.3976	0.0000	2.8768	0.0000
19.4000	1260.2804	17.5341	16059.5562	6552.2419	0.0000	0.0199	697.8465	23206.5000	8000.0000	0.0000	25236.0000	7000.0000	0.0000	1.6389	11.4504	-0.0000	7308.1249	3.5064	0.0000	2.9677	0.0000
19.5000	1261.7821	17.6503	16181.8969	6582.7858	0.0000	0.0207	696.7587	23171.5000	8000.0000	0.0000	25196.0000	7000.0000	0.0000	1.6879	11.4609	-0.0000	7147.8673	3.6188	0.0000	3.0607	0.0000
19.6000	1263.2443	17.7705	16304.3794	6613.3745	0.0000	0.0213	695.6746	23136.5000	8000.0000	0.0000	25156.0000	7000.0000	0.0000	1.7380	11.4716	-0.0000	6987.4617	3.7339	0.0000	3.1553	0.0000
19.7000	1264.6669	17.8943	16426.9991	6644.0100	0.0000	0.0219	694.5943	23101.5000	8000.0000	0.0000	25116.0000	7000.0000	0.0000	1.7887	11.4828	-0.0000	6826.9122	3.8512	0.0000	3.2511	0.0000
19.8000	1266.0499	18.0211	16549.7514	6674.6944	0.0000	0.0224	693.5177	23066.5000	8000.0000	0.0000	25076.0000	7000.0000	0.0000	1.8399	11.4943	-0.0000	6666.2229	3.9702	0.0000	3.3479	0.0000
19.9000	1267.3935	18.1507	16672.6316	6705.4298	0.0000	0.0228	692.4448	23031.5000	8000.0000	0.0000	25036.0000	7000.0000	0.0000	1.8914	11.5061	-0.0000	6505.3978	4.0905	0.0000	3.4453	0.0000
20.0000	1268.6978	18.2825	16795.6353	6736.2184	0.0000	0.0232	691.3758	22996.5000	8000.0000	0.0000	24996.0000	7000.0000	0.0000	1.9430	11.5183	-0.0000	6344.4412	4.2117	0.0000	3.5433	0.0000
20.1000	1269.9631	18.4165	16918.7577	6767.0623	0.0000	0.0236	690.3104	22961.5000	8000.0000	0.0000	24956.0000	7000.0000	0.0000	1.9945	11.5308	-0.0000	6183.3570	4.3336	0.0000	3.6416	0.0000
20.2000	1271.1896	18.5523	17041.9943	6797.9636	0.0000	0.0239	689.2488	22926.5000	8000.0000	0.0000	24916.0000	7000.0000	0.0000	2.0460	11.5438	-0.0000	6022.1493	4.4560	0.0000	3.7402	0.0000
20.3000	1272.3776	18.6897	17165.3407	6828.9245	0.0000	0.0241	688.1910	22891.5000	8000.0000	0.0000	24876.0000	7000.0000	0.0000	2.0972	11.5570	-0.0000	5860.8220	4.5786	0.0000	3.8389	0.0000
20.4000	1273.5275	18.8287	17288.7923	6859.9471	0.0000	0.0244	687.1369	22856.5000	8000.0000	0.0000	24836.0000	7000.0000	0.0000	2.1482	11.5706	-0.0000	5699.3793	4.7014	0.0000	3.9376	0.0000
20.5000	1274.6396	18.9691	17412.3446	6891.0336	0.0000	0.0246	686.0866	22821.5000	8000.0000	0.0000	24796.0000	7000.0000	0.0000	2.1988	11.5846	-0.0000	5537.8250	4.8242	0.0000	4.0365	0.0000
20.6000	1275.7143	19.1109	17535.9933	6922.1860	0.0000	0.0249	685.0400	22786.5000	8000.0000	0.0000	24756.0000	7000.0000	0.0000	2.2492	11.5990	-0.0000	5376.1630	4.9471	0.0000	4.1354	0.0000
20.7000	1276.7516	19.2540	17659.7339	6953.4066	0.0000	0.0251	683.9971	22751.5000	8000.0000	0.0000	24716.0000	7000.0000	0.0000	2.2991	11.6137	-0.0000	5214.3972	5.0699	0.0000	4.2345	0.0000
20.8000	1277.7503	19.3985	17783.5620	6984.6973	0.0000	0.0254	682.9581	22716.5000	8000.0000	0.0000	24676.0000	7000.0000	0.0000	2.3485	11.6287	-0.0000	5052.5315	5.1928	0.0000	4.3338	0.0000
20.9000	1278.7107	19.5445	17907.4731	7016.0601	0.0000	0.0256	681.9227	22681.5000	8000.0000	0.0000	24636.0000	7000.0000	0.0000	2.3977	11.6442	-0.0000	4890.5700	5.3157	0.0000	4.4335	0.0000
21.0000	1279.6332	19.6919	18031.4627	7047.4970	0.0000	0.0259	680.8911	22646.5000	8000.0000	0.0000	24596.0000	7000.0000	0.0000	2.4465	11.6600	-0.0000	4728.5165	5.4389	0.0000	4.5336	0.0000
21.1000	1280.5180	19.8410	18155.5265	7079.0101	0.0000	0.0262	679.8633	22611.5000	8000.0000	0.0000	24556.0000	7000.0000	0.0000	2.4952	11.6762	-0.0000	4566.3751	5.5623	0.0000	4.6343	0.0000
21.2000	1281.3656	19.9920	18279.6599	7110.6013	0.0000	0.0265	678.8392	22576.5000	8000.0000	0.0000	24516.0000	7000.0000	0.0000	2.5437	11.6928	-0.0000	4404.1496	5.6863	0.0000	4.7358	0.0000
21.3000	1282.1762	20.1449	18403.8587	7142.2726	0.0000	0.0269	677.8189	22541.5000	8000.0000	0.0000	24476.0000	7000.0000	0.0000	2.5921	11.7097	-0.0000	4241.8439	5.8110	0.0000	4.8384	0.0000
21.4000	1282.9500	20.3001	18528.1185	7174.0259	0.0000	0.0273	676.8023	22506.5000	8000.0000	0.0000	24436.0000	7000.0000	0.0000	2.6406	11.7271	-0.0000	4079.4618	5.9366	0.0000	4.9422	0.0000
21.5000	1283.6873	20.4578	18652.4349	7205.8632	0.0000	0.0278	675.7894	22471.5000	8000.0000	0.0000	24396.0000	7000.0000	0.0000	2.6891	11.7449	-0.0000	3917.0071	6.0633	0.0000	5.0476	0.0000
21.6000	1284.3881	20.6183	18776.8038	7237.7865	0.0000	0.0283	674.7804	22436.5000	8000.0000	0.0000	24356.0000	7000.0000	0.0000	2.7380	11.7631	-0.0000	3754.4836	6.1916	0.0000	5.1550	0.0000
21.7000	1285.0525	20.7821	18901.2207	7269.7977	0.0000	0.0289	673.7750	22401.5000	8000.0000	0.0000	24316.0000	7000.0000	0.0000	2.7872	11.7817	-0.0000	3591.8952	6.3218	0.0000	5.2647	0.0000
21.8000	1285.6805	20.9495	19025.6813	7301.8989	0.0000	0.0296	672.7734	22366.5000	8000.0000	0.0000	24276.0000	7000.0000	0.0000	2.8370	11.8008	-0.0000	3429.2456	6.4543	0.0000	5.3773	0.0000
21.9000	1286.2720	21.1211	19150.1814	7334.0921	0.0000	0.0304	671.7756	22331.5000	8000.0000	0.0000	24236.0000	7000.0000	0.0000	2.8875	11.8204	-0.0000	3266.5385	6.5896	0.0000	5.4932	0.0000
22.0000	1286.8267	21.2975	19274.7165	7366.3792	0.0000	0.0313	670.7815	22296.5000	8000.0000	0.0000	24196.0000	7000.0000	0.0000	2.9390	11.8404	-0.0000	3103.7780	6.7282	0.0000	5.6132	0.0000
22.1000	1287.3443	21.4793	19399.2823	7398.7625	0.0000	0.0323	669.7912	22261.5000	8000.0000	0.0000	24156.0000	7000.0000	0.0000	2.9918	11.8610	-0.0000	2940.9677	6.8708	0.0000	5.7380	0.0000
22.2000	1287.8242	21.6674	19523.8742	7431.2441	0.0000	0.0335	668.8046	22226.5000	8000.0000	0.0000	24116.0000	7000.0000	0.0000	3.0461	11.8821	-0.0000	2778.1116	7.0182	0.0000	5.8687	0.0000
22.3000	1288.2659	21.8628	19648.4877	7463.8261	0.0000	0.0349	667.8217	22191.5000	8000.0000	0.0000	24076.0000	7000.0000	0.0000	3.1022	11.9038	-0.0000	2615.2137	7.1713	0.0000	6.0064	0.0000
22.4000	1288.6682	22.0667	19773.1181	7496.5109	0.0000	0.0365	666.8427	22156.5000	8000.0000	0.0000	24036.0000	7000.0000	0.0000	3.1607	11.9261	-0.0000	2452.2780	7.3313	0.0000	6.1526	0.0000
22.5000	1289.0302	22.2805	19897.7606	7529.3008	0.0000	0.0384	665.8673	22121.5000	8000.0000	0.0000	23996.0000	7000.0000	0.0000	3.2221	11.9491	-0.0000	2289.3086	7.4995	0.0000	6.3091	0.0000
22.6000	1289.3502	22.5061	20022.4103	7562.1984	0.0000	0.0406	664.8957	22086.5000	8000.0000	0.0000	23956.0000	7000.0000	0.0000	3.2869	11.9728	-0.0000	2126.3100	7.6776	0.0000	6.4785	0.0000
22.7000	1289.6263	22.7456	20147.0619	7595.2063	0.0000	0.0433	663.9279	22051.5000	8000.0000	0.0000	23916.0000	7000.0000	0.0000	3.3560	11.9973	-0.0000	1963.2865	7.8676	0.0000	6.6640	0.0000
22.8000	1289.8585	23.0022	20271.7099	7628.3273	0.0000	0.0466	662.9638	22016.5000	8000.0000	0.0000	23876.0000	7000.0000	0.0000	3.4321	12.0227	-0.0000	1800.2428	8.0725	0.0000	6.8697	0.0000
22.9000	1290.0671	23.2794	20396.3497	7661.5650	0.0000	0.0506	662.0035	21981.5000	8000.0000	0.0000	23836.0000	7000.0000	0.0000	3.5180	12.0492	-0.0000	1637.1830	8.2954	0.0000	7.0982	0.0000
23.0000	1290.2557	23.5816	20520.9777	7694.9239	0.0000	0.0555	661.0469	21946.5000	8000.0000	0.0000	23796.0000	7000.0000	0.0000	3.6129	12.0768	-0.0000	1474.1095	8.5404	0.0000	7.3567	0.0000
23.1000	1290.4222	23.9145	20645.5904	7728.4092	0.0000	0.0615	660.0940	21911.5000	8000.0000	0.0000	23756.0000	7000.0000	0.0000	3.7188	12.1058	-0.0000	1311.0247	8.8127	0.0000	7.6561	0.0000
23.2000	1290.5640	24.2860	20770.1836	7762.0265	0.0000	0.0692	659.1450	21876.5000	8000.0000	0.0000	23716.0000	7000.0000	0.0000	3.8390	12.1364	-0.0000	1147.9313	9.1196	0.0000	8.0136	0.0000
23.3000	1290.6772	24.7079	20894.7528	7795.7823	0.0000	0.0796	658.1996	21841.5000	8000.0000	0.0000	23676.0000	7000.0000	0.0000	3.9783	12.1691	-0.0000	984.8322	9.4720	0.0000	8.4590	0.0000
23.4000	1290.7564	25.1993	21019.2925	7829.6842	0.0000	0.0944	657.2580	21806.5000	8000.0000	0.0000	23636.0000	7000.0000	0.0000	4.1448	12.2043	-0.0000	821.7312	9.8874	0.0000	9.0495	0.0000
23.5000	1290.7934	25.7939	21143.7962	7863.7412	0.0000	0.1173	656.3202	21771.5000	8000.0000	0.0000	23596.0000	7000.0000	0.0000	4.3535	12.2433	-0.0000	658.6324	10.3964	0.0000	9.9123	0.0000
23.6000	1290.7736	26.5581	21268.2555	7897.9648	0.0000	0.1578	655.3861	21736.5000	8000.0000	0.0000	23556.0000	7000.0000	0.0000	4.6364	12.2882	-0.0000	495.5412	11.0591	0.0000	11.3929	0.0000
23.7000	1290.6669	27.6521	21392.6587	7932.3712	0.0000	0.2462	654.4558	21701.5000	8000.0000	0.0000	23516.0000	7000.0000	0.0000	5.0827	12.3446	-0.0000	332.4654	12.0172	0.0000	14.7987	0.0000
23.8000	1290.3792	29.6325	21516.9856	7966.9879	0.0000	0.5519	653.5292	21666.5000	8000.0000	0.0000	23476.0000	7000.0000	0.0000	6.1408	12.4363	-0.0000	169.4178	13.7390	0.0000	29.8673	0.0000
23.8900	1289.7783	33.5039	21628.7773	7998.3710	0.0000	0.9559	652.6985	21635.0000	8000.0000	0.0000	23440.0000	7000.0000	0.0000	7.3736	13.0428	-0.0000	22.7239	17.2335	0.0000	30.0000	0.0000
