0	350.966	45.0000	2.4749	2.4749	0.0000	0.0000	979.8183	29996.5000	8000.0000	0.0000	32996.0000	7000.0000	0.0000	-0.0000	45.0000	-0.0000	30000.0000	-0.0000	0.0000	0.0000	0.0000
0.1000	360.5789	45.0003	27.6252	27.5713	0.0000	0.0002	978.0029	29961.5000	8000.0000	0.0000	32956.0000	7000.0000	0.0000	0.0477	45.0001	-0.0000	29964.5664	0.1104	0.0000	0.1608	0.0000
0.2000	370.1084	45.0022	53.5012	53.2961	0.0000	0.0005	976.1913	29926.5000	8000.0000	0.0000	32916.0000	7000.0000	0.0000	0.0934	45.0003	-0.0000	29928.1745	0.2157	0.0000	0.2961	0.0000
0.3000	379.5542	45.0062	80.0964	79.6435	0.0000	0.0010	974.3835	29891.5000	8000.0000	0.0000	32876.0000	7000.0000	0.0000	0.1376	45.0006	-0.0000	29890.8329	0.3172	0.0000	0.4178	0.0000
0.4000	388.9280	45.0128	107.4049	106.6084	0.0000	0.0014	972.5794	29856.5000	8000.0000	0.0000	32836.0000	7000.0000	0.0000	0.1808	45.0010	-0.0000	29852.5496	0.4156	0.0000	0.5322	0.0000
0.5000	398.2305	45.0219	135.4210	134.1861	0.0000	0.0018	970.7791	29821.5000	8000.0000	0.0000	32796.0000	7000.0000	0.0000	0.2231	45.0016	-0.0000	29813.3319	0.5111	0.0000	0.6428	0.0000
0.6000	407.4609	45.0333	164.1392	162.3720	0.0000	0.0022	968.9825	29786.5000	8000.0000	0.0000	32756.0000	7000.0000	0.0000	0.2645	45.0023	-0.0000	29773.1869	0.6041	0.0000	0.7516	0.0000
0.7000	416.6180	45.0469	193.5535	191.1617	0.0000	0.0026	967.1896	29751.5000	8000.0000	0.0000	32716.0000	7000.0000	0.0000	0.3047	45.0032	-0.0000	29732.1221	0.6945	0.0000	0.8536	0.0000
0.8000	425.7006	45.0624	223.6581	220.5503	0.0000	0.0029	965.4006	29716.5000	8000.0000	0.0000	32676.0000	7000.0000	0.0000	0.3438	45.0041	-0.0000	29690.1449	0.7825	0.0000	0.9528	0.0000
0.9000	434.7076	45.0796	254.4471	250.5332	0.0000	0.0031	963.6152	29681.5000	8000.0000	0.0000	32636.0000	7000.0000	0.0000	0.3821	45.0052	-0.0000	29647.2628	0.8680	0.0000	1.0498	0.0000
1.0000	443.6381	45.0982	285.9142	281.1058	0.0000	0.0034	961.8336	29646.5000	8000.0000	0.0000	32596.0000	7000.0000	0.0000	0.4194	45.0065	-0.0000	29603.4835	0.9510	0.0000	1.1444	0.0000
1.1000	452.4912	45.1181	318.0534	312.2632	0.0000	0.0036	960.0558	29611.5000	8000.0000	0.0000	32556.0000	7000.0000	0.0000	0.4557	45.0078	-0.0000	29558.8146	1.0316	0.0000	1.2372	0.0000
1.2000	461.2661	45.1390	350.8584	344.0007	0.0000	0.0038	958.2817	29576.5000	8000.0000	0.0000	32516.0000	7000.0000	0.0000	0.4911	45.0093	-0.0000	29513.2641	1.1098	0.0000	1.3283	0.0000
1.3000	469.9618	45.1610	384.3227	376.3135	0.0000	0.0039	956.5114	29541.5000	8000.0000	0.0000	32476.0000	7000.0000	0.0000	0.5255	45.0108	-0.0000	29466.8397	1.1857	0.0000	1.4173	0.0000
1.4000	478.5778	45.1837	418.4401	409.1966	0.0000	0.0040	954.7448	29506.5000	8000.0000	0.0000	32436.0000	7000.0000	0.0000	0.5591	45.0126	-0.0000	29419.5495	1.2592	0.0000	1.5043	0.0000
1.5000	487.1134	45.2072	453.2039	442.6454	0.0000	0.0042	952.9819	29471.5000	8000.0000	0.0000	32396.0000	7000.0000	0.0000	0.5917	45.0144	-0.0000	29371.4015	1.3306	0.0000	1.5892	0.0000
1.6000	495.5678	45.2313	488.6077	476.6548	0.0000	0.0043	951.2229	29436.5000	8000.0000	0.0000	32356.0000	7000.0000	0.0000	0.6234	45.0163	-0.0000	29322.4037	1.3997	0.0000	1.6721	0.0000
1.7000	503.9406	45.2560	524.6449	511.2199	0.0000	0.0043	949.4675	29401.5000	8000.0000	0.0000	32316.0000	7000.0000	0.0000	0.6543	45.0184	-0.0000	29272.5644	1.4667	0.0000	1.7531	0.0000
1.8000	512.2336	45.2811	561.3089	546.3358	0.0000	0.0044	947.7159	29366.5000	8000.0000	0.0000	32276.0000	7000.0000	0.0000	0.6845	45.0205	-0.0000	29221.8916	1.5317	0.0000	1.8248	0.0000
1.9000	520.4589	45.3066	598.5936	581.9981	0.0000	0.0045	945.9681	29331.5000	8000.0000	0.0000	32236.0000	7000.0000	0.0000	0.7141	45.0228	-0.0000	29170.3930	1.5946	0.0000	1.8858	0.0000
2.0000	528.6190	45.3324	636.4934	618.2030	0.0000	0.0045	944.2240	29296.5000	8000.0000	0.0000	32196.0000	7000.0000	0.0000	0.7429	45.0252	-0.0000	29118.0752	1.6556	0.0000	1.9438	0.0000
2.1000	536.7144	45.3586	675.0028	654.9468	0.0000	0.0046	942.4837	29261.5000	8000.0000	0.0000	32156.0000	7000.0000	0.0000	0.7710	45.0277	-0.0000	29064.9446	1.7147	0.0000	1.9992	0.0000
2.2000	544.7459	45.3850	714.1166	692.2257	0.0000	0.0046	940.7471	29226.5000	8000.0000	0.0000	32116.0000	7000.0000	0.0000	0.7984	45.0303	-0.0000	29011.0077	1.7719	0.0000	2.0520	0.0000
2.3000	552.7141	45.4117	753.8293	730.0362	0.0000	0.0047	939.0142	29191.5000	8000.0000	0.0000	32076.0000	7000.0000	0.0000	0.8251	45.0330	-0.0000	28956.2709	1.8273	0.0000	2.1024	0.0000
2.4000	560.6199	45.4385	794.1356	768.3748	0.0000	0.0047	937.2852	29156.5000	8000.0000	0.0000	32036.0000	7000.0000	0.0000	0.8511	45.0358	-0.0000	28900.7405	1.8810	0.0000	2.1504	0.0000
2.5000	568.4639	45.4655	835.0302	807.2378	0.0000	0.0047	935.5598	29121.5000	8000.0000	0.0000	31996.0000	7000.0000	0.0000	0.8764	45.0387	-0.0000	28844.4227	1.9331	0.0000	2.1962	0.0000
2.6000	576.2471	45.4927	876.5080	846.6219	0.0000	0.0047	933.8382	29086.5000	8000.0000	0.0000	31956.0000	7000.0000	0.0000	0.9011	45.0418	-0.0000	28787.3236	1.9834	0.0000	2.2398	0.0000
2.7000	583.9691	45.5198	918.5638	886.5236	0.0000	0.0048	932.1204	29051.5000	8000.0000	0.0000	31916.0000	7000.0000	0.0000	0.9250	45.0449	-0.0000	28729.4493	2.0322	0.0000	2.2813	0.0000
2.8000	591.6282	45.5471	961.1923	926.9394	0.0000	0.0048	930.4063	29016.5000	8000.0000	0.0000	31876.0000	7000.0000	0.0000	0.9483	45.0481	-0.0000	28670.8059	2.0795	0.0000	2.3208	0.0000
2.9000	599.2250	45.5744	1004.3883	967.8659	0.0000	0.0048	928.6960	28981.5000	8000.0000	0.0000	31836.0000	7000.0000	0.0000	0.9709	45.0514	-0.0000	28611.3997	2.1252	0.0000	2.3585	0.0000
3.0000	606.7604	45.6017	1048.1465	1009.2994	0.0000	0.0048	926.9894	28946.5000	8000.0000	0.0000	31796.0000	7000.0000	0.0000	0.9930	45.0548	-0.0000	28551.2369	2.1695	0.0000	2.3940	0.0000
3.1000	614.2705	44.3736	1092.4727	1051.2267	0.0000	-0.3975	925.2865	28911.5000	8000.0000	0.0000	31756.0000	7000.0000	0.0000	0.3482	12.4412	-0.0000	29952.8544	1.2037	0.0000	-18.5836	0.0000
3.2000	621.7693	41.7527	1137.3894	1093.6226	0.0000	-0.5002	923.5875	28876.5000	8000.0000	0.0000	31716.0000	7000.0000	0.0000	-0.7217	12.3959	-0.0000	29863.3173	-1.2701	0.0000	-14.3960	0.0000
3.3000	629.0554	38.8577	1182.9273	1136.4422	0.0000	-0.5023	921.8921	28841.5000	8000.0000	0.0000	31676.0000	7000.0000	0.0000	-1.9486	12.3498	-0.0000	29773.1034	-4.0268	0.0000	-14.4750	0.0000
3.4000	636.0114	36.0431	1229.1100	1179.6173	0.0000	-0.4751	920.2005	28806.5000	8000.0000	0.0000	31636.0000	7000.0000	0.0000	-3.1153	12.3030	-0.0000	29682.2036	-6.6651	0.0000	-15.6768	0.0000
3.5000	642.6498	33.4099	1275.9569	1223.0779	0.0000	-0.4401	918.5127	28771.5000	8000.0000	0.0000	31596.0000	7000.0000	0.0000	-4.1753	12.2556	-0.0000	29590.6143	-9.0758	0.0000	-17.0805	0.0000
3.6000	649.0802	30.9804	1323.4881	1266.7614	0.0000	-0.4045	916.8286	28736.5000	8000.0000	0.0000	31556.0000	7000.0000	0.0000	-5.1296	12.2077	-0.0000	29498.3305	-11.2375	0.0000	-18.4092	0.0000
3.7000	655.3124	28.7514	1371.7248	1310.6130	0.0000	-0.3705	915.1483	28701.5000	8000.0000	0.0000	31516.0000	7000.0000	0.0000	-5.9704	12.1595	-0.0000	29405.3430	-13.1577	0.0000	-19.5855	0.0000
3.8000	661.3436	26.7121	1420.6837	1354.5814	0.0000	-0.3386	913.4717	28666.5000	8000.0000	0.0000	31476.0000	7000.0000	0.0000	-6.7058	12.1111	-0.0000	29311.6463	-14.8528	0.0000	-20.5970	0.0000
3.9000	667.1771	24.8495	1470.3770	1398.6190	0.0000	-0.3090	911.7988	28631.5000	8000.0000	0.0000	31436.0000	7000.0000	0.0000	-7.3453	12.0625	-0.0000	29217.2379	-16.3406	0.0000	-21.4516	0.0000
4.0000	672.8206	23.1509	1520.8137	1442.6818	0.0000	-0.2816	910.1298	28596.5000	8000.0000	0.0000	31396.0000	7000.0000	0.0000	-7.8980	12.0139	-0.0000	29122.1183	-17.6388	0.0000	-22.1621	0.0000
4.1000	678.2848	21.6036	1571.9996	1486.7295	0.0000	-0.2563	908.4644	28561.5000	8000.0000	0.0000	31356.0000	7000.0000	0.0000	-8.3729	11.9652	-0.0000	29026.2897	-18.7638	0.0000	-22.7421	0.0000
4.2000	683.5824	20.1960	1623.9382	1530.7254	0.0000	-0.2330	906.8028	28526.5000	8000.0000	0.0000	31316.0000	7000.0000	0.0000	-8.7779	11.9167	-0.0000	28929.7559	-19.7312	0.0000	-23.2046	0.0000
4.3000	688.7275	18.9169	1676.6311	1574.6362	0.0000	-0.2116	905.1450	28491.5000	8000.0000	0.0000	31276.0000	7000.0000	0.0000	-9.1205	11.8682	-0.0000	28832.5217	-20.5552	0.0000	-23.5615	0.0000
4.4000	693.7346	17.7558	1730.0784	1618.4317	0.0000	-0.1920	903.4909	28456.5000	8000.0000	0.0000	31236.0000	7000.0000	0.0000	-9.4072	11.8200	-0.0000	28734.5929	-21.2490	0.0000	-23.8236	0.0000
4.5000	698.6182	16.7031	1784.2789	1662.0851	0.0000	-0.1739	901.8406	28421.5000	8000.0000	0.0000	31196.0000	7000.0000	0.0000	-9.6441	11.7721	-0.0000	28635.9754	-21.8247	0.0000	-24.0007	0.0000
4.6000	703.3927	15.7497	1839.2307	1705.5723	0.0000	-0.1574	900.1940	28386.5000	8000.0000	0.0000	31156.0000	7000.0000	0.0000	-9.8362	11.7244	-0.0000	28536.6757	-22.2937	0.0000	-24.1146	0.0000
4.7000	708.0721	14.8873	1894.9309	1748.8717	0.0000	-0.1423	898.5511	28351.5000	8000.0000	0.0000	31116.0000	7000.0000	0.0000	-9.9884	11.6771	-0.0000	28436.7002	-22.6662	0.0000	-24.1782	0.0000
4.8000	712.6693	14.1081	1951.3761	1791.9645	0.0000	-0.1285	896.9121	28316.5000	8000.0000	0.0000	31076.0000	7000.0000	0.0000	-10.1050	11.6301	-0.0000	28336.0555	-22.9515	0.0000	-24.1811	0.0000
4.9000	717.1967	13.4048	2008.5627	1834.8340	0.0000	-0.1159	895.2767	28281.5000	8000.0000	0.0000	31036.0000	7000.0000	0.0000	-10.1899	11.5836	-0.0000	28234.7478	-23.1584	0.0000	-24.1297	0.0000
5.0000	721.6654	12.7710	2066.4866	1877.4656	0.0000	-0.1044	893.6451	28246.5000	8000.0000	0.0000	30996.0000	7000.0000	0.0000	-10.2464	11.5374	-0.0000	28132.7834	-23.2948	0.0000	-24.0298	0.0000
5.1000	726.0859	12.2003	2125.1435	1919.8465	0.0000	-0.0939	892.0173	28211.5000	8000.0000	0.0000	30956.0000	7000.0000	0.0000	-10.2777	11.4918	-0.0000	28030.1683	-23.3679	0.0000	-23.8868	0.0000
5.2000	730.4674	11.6872	2184.5292	1961.9658	0.0000	-0.0844	890.3932	28176.5000	8000.0000	0.0000	30916.0000	7000.0000	0.0000	-10.2863	11.4466	-0.0000	27926.9081	-23.3846	0.0000	-23.7058	0.0000
5.3000	734.8184	11.2265	2244.6391	2003.8139	0.0000	-0.0757	888.7729	28141.5000	8000.0000	0.0000	30876.0000	7000.0000	0.0000	-10.2748	11.4020	-0.0000	27823.0085	-23.3507	0.0000	-23.4913	0.0000
5.4000	739.1464	10.8134	2305.4687	2045.3830	0.0000	-0.0678	887.1563	28106.5000	8000.0000	0.0000	30836.0000	7000.0000	0.0000	-10.2454	11.3578	-0.0000	27718.4747	-23.2719	0.0000	-23.2473	0.0000
5.5000	743.4579	10.4435	2367.0136	2086.6663	0.0000	-0.0607	885.5434	28071.5000	8000.0000	0.0000	30796.0000	7000.0000	0.0000	-10.1999	11.3142	-0.0000	27613.3115	-23.1533	0.0000	-22.9775	0.0000
5.6000	747.7587	10.1129	2429.2691	2127.6581	0.0000	-0.0542	883.9344	28036.5000	8000.0000	0.0000	30756.0000	7000.0000	0.0000	-10.1403	11.2712	-0.0000	27507.5239	-22.9993	0.0000	-22.6854	0.0000
5.7000	752.0539	9.8180	2492.2309	2168.3540	0.0000	-0.0483	882.3290	28001.5000	8000.0000	0.0000	30716.0000	7000.0000	0.0000	-10.0680	11.2287	-0.0000	27401.1164	-22.8141	0.0000	-22.3739	0.0000
5.8000	756.3478	9.5554	2555.8945	2208.7504	0.0000	-0.0429	880.7274	27966.5000	8000.0000	0.0000	30676.0000	7000.0000	0.0000	-9.9845	11.1868	-0.0000	27294.0932	-22.6015	0.0000	-22.0458	0.0000
5.9000	760.6440	9.3222	2620.2554	2248.8446	0.0000	-0.0381	879.1296	27931.5000	8000.0000	0.0000	30636.0000	7000.0000	0.0000	-9.8911	11.1455	-0.0000	27186.4585	-22.3649	0.0000	-21.7037	0.0000
6.0000	764.9456	9.1157	2685.3092	2288.6345	0.0000	-0.0337	877.5355	27896.5000	8000.0000	0.0000	30596.0000	7000.0000	0.0000	-9.7891	11.1047	-0.0000	27078.2162	-22.1074	0.0000	-21.3504	0.0000
6.1000	769.2550	8.9333	2751.0516	2328.1188	0.0000	-0.0297	875.9452	27861.5000	8000.0000	0.0000	30556.0000	7000.0000	0.0000	-9.6796	11.0645	-0.0000	26969.3701	-21.8318	0.0000	-20.9875	0.0000
6.2000	773.5743	8.7726	2817.4784	2367.2969	0.0000	-0.0261	874.3586	27826.5000	8000.0000	0.0000	30516.0000	7000.0000	0.0000	-9.5633	11.0250	-0.0000	26859.9239	-21.5406	0.0000	-20.6164	0.0000
6.3000	777.9051	8.6316	2884.5851	2406.1684	0.0000	-0.0228	872.7757	27791.5000	8000.0000	0.0000	30476.0000	7000.0000	0.0000	-9.4413	10.9860	-0.0000	26749.8809	-21.2362	0.0000	-20.2389	0.0000
6.4000	782.2485	8.5086	2952.3677	2444.7339	0.0000	-0.0199	871.1967	27756.5000	8000.0000	0.0000	30436.0000	7000.0000	0.0000	-9.3142	10.9476	-0.0000	26639.2448	-20.9205	0.0000	-19.8564	0.0000
6.5000	786.6056	8.4018	3020.8218	2482.9939	0.0000	-0.0172	869.6213	27721.5000	8000.0000	0.0000	30396.0000	7000.0000	0.0000	-9.1826	10.9099	-0.0000	26528.0186	-20.5954	0.0000	-19.4703	0.0000
6.6000	790.9768	8.3097	3089.9433	2520.9496	0.0000	-0.0147	868.0497	27686.5000	8000.0000	0.0000	30356.0000	7000.0000	0.0000	-9.0474	10.8727	-0.0000	26416.2056	-20.2625	0.0000	-19.0818	0.0000
6.7000	795.3626	8.2311	3159.7281	2558.6025	0.0000	-0.0125	866.4819	27651.5000	8000.0000	0.0000	30316.0000	7000.0000	0.0000	-8.9090	10.8362	-0.0000	26303.8090	-19.9232	0.0000	-18.6918	0.0000
6.8000	799.7630	8.1646	3230.1720	2595.9544	0.0000	-0.0105	864.9178	27616.5000	8000.0000	0.0000	30276.0000	7000.0000	0.0000	-8.7678	10.8002	-0.0000	26190.8317	-19.5788	0.0000	-18.3014	0.0000
6.9000	804.1779	8.1092	3301.2709	2633.0074	0.0000	-0.0087	863.3575	27581.5000	8000.0000	0.0000	30236.0000	7000.0000	0.0000	-8.6245	10.7649	-0.0000	26077.2768	-19.2305	0.0000	-17.9112	0.0000
7.0000	808.6071	8.0640	3373.0208	2669.7637	0.0000	-0.0070	861.8009	27546.5000	8000.0000	0.0000	30196.0000	7000.0000	0.0000	-8.4794	10.7301	-0.0000	25963.1472	-18.8792	0.0000	-17.5221	0.0000
7.1000	813.0501	8.0279	3445.4175	2706.2260	0.0000	-0.0055	860.2480	27511.5000	8000.0000	0.0000	30156.0000	7000.0000	0.0000	-8.3329	10.6960	-0.0000	25848.4459	-18.5259	0.0000	-17.1347	0.0000
7.2000	817.5064	8.0003	3518.4571	2742.3969	0.0000	-0.0041	858.6990	27476.5000	8000.0000	0.0000	30116.0000	7000.0000	0.0000	-8.1852	10.6624	-0.0000	25733.1756	-18.1715	0.0000	-16.7495	0.0000
7.3000	821.9754	7.9803	3592.1354	2778.2793	0.0000	-0.0028	857.1536	27441.5000	8000.0000	0.0000	30076.0000	7000.0000	0.0000	-8.0368	10.6295	-0.0000	25617.3393	-17.8166	0.0000	-16.3670	0.0000
7.4000	826.4564	7.9673	3666.4485	2813.8763	0.0000	-0.0016	855.6120	27406.5000	8000.0000	0.0000	30036.0000	7000.0000	0.0000	-7.8872	10.5971	-0.0000	25500.9398	-17.4618	0.0000	-15.9743	0.0000
7.5000	830.9488	7.9607	3741.3924	2849.1912	0.0000	-0.0006	854.0742	27371.5000	8000.0000	0.0000	29996.0000	7000.0000	0.0000	-7.7370	10.5654	-0.0000	25383.9798	-17.1078	0.0000	-15.5754	0.0000
7.6000	835.4519	7.9600	3816.9629	2884.2274	0.0000	0.0004	852.5401	27336.5000	8000.0000	0.0000	29956.0000	7000.0000	0.0000	-7.5867	10.5342	-0.0000	25266.4622	-16.7551	0.0000	-15.1814	0.0000
7.7000	839.9646	7.9647	3893.1561	2918.9885	0.0000	0.0013	851.0098	27301.5000	8000.0000	0.0000	29916.0000	7000.0000	0.0000	-7.4366	10.5036	-0.0000	25148.3897	-16.4042	0.0000	-14.7925	0.0000
7.8000	844.4860	7.9744	3969.9680	2953.4780	0.0000	0.0021	849.4832	27266.5000	8000.0000	0.0000	29876.0000	7000.0000	0.0000	-7.2869	10.4736	-0.0000	25029.7651	-16.0553	0.0000	-14.4089	0.0000
7.9000	849.0151	7.9886	4047.3946	2987.6997	0.0000	0.0029	847.9603	27231.5000	8000.0000	0.0000	29836.0000	7000.0000	0.0000	-7.1377	10.4441	-0.0000	24910.5911	-15.7089	0.0000	-14.0308	0.0000
8.0000	853.5508	8.0069	4125.4319	3021.6572	0.0000	0.0036	846.4413	27196.5000	8000.0000	0.0000	29796.0000	7000.0000	0.0000	-6.9893	10.4153	-0.0000	24790.8706	-15.3653	0.0000	-13.6585	0.0000
8.1000	858.0922	8.0291	4204.0759	3055.3546	0.0000	0.0042	844.9259	27161.5000	8000.0000	0.0000	29756.0000	7000.0000	0.0000	-6.8416	10.3870	-0.0000	24670.6062	-15.0246	0.0000	-13.2920	0.0000
8.2000	862.6383	8.0549	4283.3227	3088.7956	0.0000	0.0048	843.4143	27126.5000	8000.0000	0.0000	29716.0000	7000.0000	0.0000	-6.6949	10.3593	-0.0000	24549.8008	-14.6872	0.0000	-12.9314	0.0000
8.3000	867.1880	8.0838	4363.1682	3121.9842	0.0000	0.0054	841.9065	27091.5000	8000.0000	0.0000	29676.0000	7000.0000	0.0000	-6.5492	10.3321	-0.0000	24428.4570	-14.3532	0.0000	-12.5769	0.0000
8.4000	871.7402	8.1158	4443.6086	3154.9243	0.0000	0.0059	840.4024	27056.5000	8000.0000	0.0000	29636.0000	7000.0000	0.0000	-6.4047	10.3055	-0.0000	24306.5777	-14.0227	0.0000	-12.2284	0.0000
8.5000	876.2941	8.1506	4524.6398	3187.6199	0.0000	0.0063	838.9021	27021.5000	8000.0000	0.0000	29596.0000	7000.0000	0.0000	-6.2613	10.2794	-0.0000	24184.1657	-13.6959	0.0000	-11.8861	0.0000
8.6000	880.8486	8.1880	4606.2579	3220.0751	0.0000	0.0068	837.4055	26986.5000	8000.0000	0.0000	29556.0000	7000.0000	0.0000	-6.1192	10.2539	-0.0000	24061.2236	-13.3729	0.0000	-11.5498	0.0000
8.7000	885.4027	8.2278	4688.4591	3252.2938	0.0000	0.0072	835.9126	26951.5000	8000.0000	0.0000	29516.0000	7000.0000	0.0000	-5.9784	10.2290	-0.0000	23937.7542	-13.0538	0.0000	-11.2197	0.0000
8.8000	889.9555	8.2698	4771.2393	3284.2801	0.0000	0.0075	834.4236	26916.5000	8000.0000	0.0000	29476.0000	7000.0000	0.0000	-5.8390	10.2045	-0.0000	23813.7604	-12.7386	0.0000	-10.8958	0.0000
8.9000	894.5061	8.3140	4854.5947	3316.0380	0.0000	0.0079	832.9382	26881.5000	8000.0000	0.0000	29436.0000	7000.0000	0.0000	-5.7009	10.1806	-0.0000	23689.2449	-12.4275	0.0000	-10.5779	0.0000
9.0000	899.0535	8.3600	4938.5213	3347.5717	0.0000	0.0082	831.4566	26846.5000	8000.0000	0.0000	29396.0000	7000.0000	0.0000	-5.5644	10.1573	-0.0000	23564.2106	-12.1204	0.0000	-10.2662	0.0000
9.1000	903.5970	8.4079	5023.0153	3378.8852	0.0000	0.0085	829.9788	26811.5000	8000.0000	0.0000	29356.0000	7000.0000	0.0000	-5.4293	10.1345	-0.0000	23438.6600	-11.8174	0.0000	-9.9604	0.0000
9.2000	908.1355	8.4575	5108.0728	3409.9826	0.0000	0.0088	828.5047	26776.5000	8000.0000	0.0000	29316.0000	7000.0000	0.0000	-5.2957	10.1121	-0.0000	23312.5962	-11.5184	0.0000	-9.6607	0.0000
9.3000	912.6683	8.5087	5193.6899	3440.8679	0.0000	0.0091	827.0344	26741.5000	8000.0000	0.0000	29276.0000	7000.0000	0.0000	-5.1636	10.0903	-0.0000	23186.0218	-11.2236	0.0000	-9.3668	0.0000
9.4000	917.1947	8.5615	5279.8628	3471.5451	0.0000	0.0093	825.5678	26706.5000	8000.0000	0.0000	29236.0000	7000.0000	0.0000	-5.0331	10.0691	-0.0000	23058.9397	-10.9328	0.0000	-9.0789	0.0000
9.5000	921.7137	8.6156	5366.5875	3502.0184	0.0000	0.0096	824.1049	26671.5000	8000.0000	0.0000	29196.0000	7000.0000	0.0000	-4.9041	10.0483	-0.0000	22931.3526	-10.6462	0.0000	-8.7968	0.0000
9.6000	926.2247	8.6710	5453.8603	3532.2918	0.0000	0.0098	822.6459	26636.5000	8000.0000	0.0000	29156.0000	7000.0000	0.0000	-4.7767	10.0280	-0.0000	22803.2634	-10.3636	0.0000	-8.5204	0.0000
9.7000	930.7270	8.7277	5541.6774	3562.3693	0.0000	0.0100	821.1905	26601.5000	8000.0000	0.0000	29116.0000	7000.0000	0.0000	-4.6509	10.0082	-0.0000	22674.6748	-10.0851	0.0000	-8.2496	0.0000
9.8000	935.2199	8.7856	5630.0350	3592.2549	0.0000	0.0102	819.7389	26566.5000	8000.0000	0.0000	29076.0000	7000.0000	0.0000	-4.5267	9.9890	-0.0000	22545.5897	-9.8106	0.0000	-7.9845	0.0000
9.9000	939.7026	8.8446	5718.9292	3621.9527	0.0000	0.0104	818.2911	26531.5000	8000.0000	0.0000	29036.0000	7000.0000	0.0000	-4.4040	9.9702	-0.0000	22416.0108	-9.5401	0.0000	-7.7249	0.0000
10.0000	944.1746	8.9046	5808.3563	3651.4666	0.0000	0.0106	816.8470	26496.5000	8000.0000	0.0000	28996.0000	7000.0000	0.0000	-4.2829	9.9519	-0.0000	22285.9409	-9.2736	0.0000	-7.4706	0.0000
10.1000	948.6353	8.9656	5898.3126	3680.8007	0.0000	0.0107	815.4067	26461.5000	8000.0000	0.0000	28956.0000	7000.0000	0.0000	-4.1634	9.9341	-0.0000	22155.3829	-9.0110	0.0000	-7.2218	0.0000
10.2000	953.0840	9.0275	5988.7942	3709.9588	0.0000	0.0109	813.9701	26426.5000	8000.0000	0.0000	28916.0000	7000.0000	0.0000	-4.0455	9.9167	-0.0000	22024.3395	-8.7524	0.0000	-6.9782	0.0000
10.3000	957.5203	9.0904	6079.7975	3738.9449	0.0000	0.0110	812.5372	26391.5000	8000.0000	0.0000	28876.0000	7000.0000	0.0000	-3.9292	9.8998	-0.0000	21892.8135	-8.4976	0.0000	-6.7398	0.0000
10.4000	961.9436	9.1540	6171.3188	3767.7629	0.0000	0.0112	811.1082	26356.5000	8000.0000	0.0000	28836.0000	7000.0000	0.0000	-3.8144	9.8834	-0.0000	21760.8077	-8.2466	0.0000	-6.5064	0.0000
10.5000	966.3533	9.2184	6263.3543	3796.4167	0.0000	0.0113	809.6828	26321.5000	8000.0000	0.0000	28796.0000	7000.0000	0.0000	-3.7012	9.8675	-0.0000	21628.3248	-7.9993	0.0000	-6.2781	0.0000
10.6000	970.7632	9.2836	6355.9009	3824.9103	0.0000	0.0114	808.2612	26286.5000	8000.0000	0.0000	28756.0000	7000.0000	0.0000	-3.5931	9.8520	-0.0000	21495.3675	-7.7558	0.0000	-6.0546	0.0000
10.7000	975.1845	9.3495	6448.9570	3853.2478	0.0000	0.0116	806.8434	26251.5000	8000.0000	0.0000	28716.0000	7000.0000	0.0000	-3.4862	9.8370	-0.0000	21361.9363	-7.5157	0.0000	-5.8356	0.0000
10.8000	979.6062	9.4159	6542.5214	3881.4334	0.0000	0.0116	805.4293	26216.5000	8000.0000	0.0000	28676.0000	7000.0000	0.0000	-3.3823	9.8224	-0.0000	21228.0316	-7.2791	0.0000	-5.6487	0.0000
10.9000	984.0125	9.4819	6636.5910	3909.4707	0.0000	0.0115	804.0190	26181.5000	8000.0000	0.0000	28636.0000	7000.0000	0.0000	-3.2802	9.8082	-0.0000	21093.6553	-7.0468	0.0000	-5.4670	0.0000
11.0000	988.4024	9.5472	6731.1625	3937.3629	0.0000	0.0113	802.6124	26146.5000	8000.0000	0.0000	28596.0000	7000.0000	0.0000	-3.1797	9.7945	-0.0000	20958.8102	-6.8191	0.0000	-5.2871	0.0000
11.1000	992.7751	9.6120	6826.2324	3965.1132	0.0000	0.0113	801.2095	26111.5000	8000.0000	0.0000	28556.0000	7000.0000	0.0000	-3.0808	9.7813	-0.0000	20823.4991	-6.5957	0.0000	-5.1099	0.0000
11.2000	997.1300	9.6765	6921.7970	3992.7249	0.0000	0.0112	799.8105	26076.5000	8000.0000	0.0000	28516.0000	7000.0000	0.0000	-2.9833	9.7685	-0.0000	20687.7247	-6.3763	0.0000	-4.9353	0.0000
11.3000	1001.4664	9.7409	7017.8528	4020.2011	0.0000	0.0113	798.4151	26041.5000	8000.0000	0.0000	28476.0000	7000.0000	0.0000	-2.8872	9.7561	-0.0000	20551.4899	-6.1608	0.0000	-4.7633	0.0000
11.4000	1005.7837	9.8055	7114.3962	4047.5451	0.0000	0.0113	797.0235	26006.5000	8000.0000	0.0000	28436.0000	7000.0000	0.0000	-2.7923	9.7442	-0.0000	20414.7976	-5.9486	0.0000	-4.5938	0.0000
11.5000	1010.0815	9.8705	7211.4237	4074.7599	0.0000	0.0114	795.6357	25971.5000	8000.0000	0.0000	28396.0000	7000.0000	0.0000	-2.6985	9.7326	-0.0000	20277.6506	-5.7396	0.0000	-4.4267	0.0000
11.6000	1014.3593	9.9360	7308.9316	4101.8488	0.0000	0.0115	794.2516	25936.5000	8000.0000	0.0000	28356.0000	7000.0000	0.0000	-2.6057	9.7216	-0.0000	20140.0519	-5.5336	0.0000	-4.2617	0.0000
11.7000	1018.6167	10.0022	7406.9163	4128.8149	0.0000	0.0116	792.8713	25901.5000	8000.0000	0.0000	28316.0000	7000.0000	0.0000	-2.5138	9.7109	-0.0000	20002.0043	-5.3303	0.0000	-4.0988	0.0000
11.8000	1022.8533	10.0693	7505.3743	4155.6613	0.0000	0.0118	791.4947	25866.5000	8000.0000	0.0000	28276.0000	7000.0000	0.0000	-2.4228	9.7007	-0.0000	19863.5108	-5.1296	0.0000	-3.9378	0.0000
11.9000	1027.0685	10.1372	7604.3019	4182.3912	0.0000	0.0120	790.1218	25831.5000	8000.0000	0.0000	28236.0000	7000.0000	0.0000	-2.3326	9.6909	-0.0000	19724.5744	-4.9313	0.0000	-3.7788	0.0000
12.0000	1031.2602	10.2062	7703.6955	4209.0077	0.0000	0.0121	788.7528	25796.5000	8000.0000	0.0000	28196.0000	7000.0000	0.0000	-2.2429	9.6815	-0.0000	19585.1980	-4.7354	0.0000	-3.6215	0.0000
12.1000	1035.4275	10.2761	7803.5511	4235.5141	0.0000	0.0123	787.3874	25761.5000	8000.0000	0.0000	28156.0000	7000.0000	0.0000	-2.1541	9.6725	-0.0000	19445.3848	-4.5416	0.0000	-3.4660	0.0000
12.2000	1039.5703	10.3472	7903.8649	4261.9134	0.0000	0.0125	786.0258	25726.5000	8000.0000	0.0000	28116.0000	7000.0000	0.0000	-2.0659	9.6639	-0.0000	19305.1381	-4.3500	0.0000	-3.3123	0.0000
12.3000	1043.6883	10.4194	8004.6330	4288.2088	0.0000	0.0127	784.6680	25691.5000	8000.0000	0.0000	28076.0000	7000.0000	0.0000	-1.9784	9.6557	-0.0000	19164.4610	-4.1605	0.0000	-3.1601	0.0000
12.4000	1047.7813	10.4927	8105.8517	4314.4034	0.0000	0.0129	783.3139	25656.5000	8000.0000	0.0000	28036.0000	7000.0000	0.0000	-1.8916	9.6480	-0.0000	19023.3567	-3.9729	0.0000	-3.0097	0.0000
12.5000	1051.8490	10.5672	8207.5169	4340.5006	0.0000	0.0131	781.9636	25621.5000	8000.0000	0.0000	27996.0000	7000.0000	0.0000	-1.8055	9.6406	-0.0000	18881.8285	-3.7874	0.0000	-2.8608	0.0000
12.6000	1055.8913	10.6428	8309.6250	4366.5034	0.0000	0.0133	780.6170	25586.5000	8000.0000	0.0000	27956.0000	7000.0000	0.0000	-1.7200	9.6337	-0.0000	18739.8794	-3.6037	0.0000	-2.7135	0.0000
12.7000	1059.9080	10.7195	8412.1720	4392.4152	0.0000	0.0135	779.2741	25551.5000	8000.0000	0.0000	27916.0000	7000.0000	0.0000	-1.6351	9.6271	-0.0000	18597.5128	-3.4219	0.0000	-2.5678	0.0000
12.8000	1063.8988	10.7974	8515.1542	4418.2390	0.0000	0.0137	777.9351	25516.5000	8000.0000	0.0000	27876.0000	7000.0000	0.0000	-1.5509	9.6210	-0.0000	18454.7318	-3.2420	0.0000	-2.4236	0.0000
12.9000	1067.8642	10.8763	8618.5676	4443.9783	0.0000	0.0139	776.5997	25481.5000	8000.0000	0.0000	27836.0000	7000.0000	0.0000	-1.4675	9.6152	-0.0000	18311.5396	-3.0640	0.0000	-2.2810	0.0000
13.0000	1071.8151	10.9563	8722.4089	4469.6362	0.0000	0.0141	775.2681	25446.5000	8000.0000	0.0000	27796.0000	7000.0000	0.0000	-1.3854	9.6099	-0.0000	18167.9390	-2.8878	0.0000	-2.1400	0.0000
13.1000	1075.7557	11.0373	8826.6758	4495.2164	0.0000	0.0142	773.9403	25411.5000	8000.0000	0.0000	27756.0000	7000.0000	0.0000	-1.3039	9.6049	-0.0000	18023.9318	-2.7134	0.0000	-2.0005	0.0000
13.2000	1079.6857	11.1194	8931.3661	4520.7225	0.0000	0.0144	772.6162	25376.5000	8000.0000	0.0000	27716.0000	7000.0000	0.0000	-1.2229	9.6003	-0.0000	17879.5196	-2.5408	0.0000	-1.8626	0.0000
13.3000	1083.6047	11.2023	9036.4773	4546.1580	0.0000	0.0146	771.2959	25341.5000	8000.0000	0.0000	27676.0000	7000.0000	0.0000	-1.1424	9.5960	-0.0000	17734.7039	-2.3700	0.0000	-1.7263	0.0000
13.4000	1087.5126	11.2861	9142.0074	4571.5265	0.0000	0.0147	769.9793	25306.5000	8000.0000	0.0000	27636.0000	7000.0000	0.0000	-1.0626	9.5922	-0.0000	17589.4864	-2.2012	0.0000	-1.5916	0.0000
13.5000	1091.4090	11.3708	9247.9539	4596.8316	0.0000	0.0148	768.6664	25271.5000	8000.0000	0.0000	27596.0000	7000.0000	0.0000	-0.9834	9.5887	-0.0000	17443.8687	-2.0342	0.0000	-1.4585	0.0000
13.6000	1095.2841	11.4562	9354.3145	4622.0769	0.0000	0.0150	767.3574	25236.5000	8000.0000	0.0000	27556.0000	7000.0000	0.0000	-0.9042	9.5856	-0.0000	17297.8525	-1.8692	0.0000	-1.3270	0.0000
13.7000	1099.1213	11.5423	9461.0849	4647.2656	0.0000	0.0151	766.0520	25201.5000	8000.0000	0.0000	27516.0000	7000.0000	0.0000	-0.8255	9.5828	-0.0000	17151.4412	-1.7061	0.0000	-1.1971	0.0000
13.8000	1102.9203	11.6292	9568.2604	4672.4008	0.0000	0.0152	764.7504	25166.5000	8000.0000	0.0000	27476.0000	7000.0000	0.0000	-0.7477	9.5804	-0.0000	17004.6391	-1.5450	0.0000	-1.0688	0.0000
13.9000	1106.6809	11.7167	9675.8360	4697.4856	0.0000	0.0153	763.4526	25131.5000	8000.0000	0.0000	27436.0000	7000.0000	0.0000	-0.6707	9.5784	-0.0000	16857.4504	-1.3859	0.0000	-0.9422	0.0000
14.0000	1110.4034	11.8048	9783.8070	4722.5229	0.0000	0.0154	762.1585	25096.5000	8000.0000	0.0000	27396.0000	7000.0000	0.0000	-0.5945	9.5767	-0.0000	16709.8794	-1.2288	0.0000	-0.8172	0.0000
14.1000	1114.0875	11.8934	9892.1685	4747.5160	0.0000	0.0155	760.8682	25061.5000	8000.0000	0.0000	27356.0000	7000.0000	0.0000	-0.5192	9.5753	-0.0000	16561.9301	-1.0736	0.0000	-0.6939	0.0000
14.2000	1117.7335	11.9827	10000.9158	4772.4677	0.0000	0.0156	759.5816	25026.5000	8000.0000	0.0000	27316.0000	7000.0000	0.0000	-0.4448	9.5743	-0.0000	16413.6070	-0.9204	0.0000	-0.5727	0.0000
14.3000	1121.3412	12.0724	10110.0440	4797.3813	0.0000	0.0157	758.2987	24991.5000	8000.0000	0.0000	27276.0000	7000.0000	0.0000	-0.3713	9.5737	-0.0000	16264.9141	-0.7691	0.0000	-0.4533	0.0000
14.4000	1124.9108	12.1628	10219.5486	4822.2596	0.0000	0.0158	757.0197	24956.5000	8000.0000	0.0000	27236.0000	7000.0000	0.0000	-0.2985	9.5733	-0.0000	16115.8556	-0.6196	0.0000	-0.3351	0.0000
14.5000	1128.4423	12.2537	10329.4247	4847.1057	0.0000	0.0159	755.7443	24921.5000	8000.0000	0.0000	27196.0000	7000.0000	0.0000	-0.2265	9.5733	-0.0000	15966.4357	-0.4720	0.0000	-0.2181	0.0000
14.6000	1131.9358	12.3450	10439.6677	4871.9227	0.0000	0.0160	754.4727	24886.5000	8000.0000	0.0000	27156.0000	7000.0000	0.0000	-0.1553	9.5737	-0.0000	15816.6584	-0.3263	0.0000	-0.1022	0.0000
14.7000	1135.3912	12.4368	10550.2729	4896.7134	0.0000	0.0161	753.2049	24851.5000	8000.0000	0.0000	27116.0000	7000.0000	0.0000	-0.0849	9.5743	-0.0000	15666.5280	-0.1825	0.0000	0.0125	0.0000
14.8000	1138.8088	12.5290	10661.2356	4921.4810	0.0000	0.0161	751.9408	24816.5000	8000.0000	0.0000	27076.0000	7000.0000	0.0000	-0.0153	9.5753	-0.0000	15516.0485	-0.0405	0.0000	0.1260	0.0000
14.9000	1142.1841	12.6215	10772.5510	4946.2283	0.0000	0.0161	750.6805	24781.5000	8000.0000	0.0000	27036.0000	7000.0000	0.0000	0.0534	9.5766	-0.0000	15365.2240	0.0994	0.0000	0.2371	0.0000
15.0000	1145.5064	12.7140	10884.2137	4970.9581	0.0000	0.0161	749.4239	24746.5000	8000.0000	0.0000	26996.0000	7000.0000	0.0000	0.1210	9.5782	-0.0000	15214.0595	0.2373	0.0000	0.3463	0.0000
15.1000	1148.7758	12.8064	10996.2175	4995.6730	0.0000	0.0161	748.1710	24711.5000	8000.0000	0.0000	26956.0000	7000.0000	0.0000	0.1874	9.5801	-0.0000	15062.5607	0.3729	0.0000	0.4535	0.0000
15.2000	1151.9927	12.8988	11108.5564	5020.3755	0.0000	0.0161	746.9220	24676.5000	8000.0000	0.0000	26916.0000	7000.0000	0.0000	0.2526	9.5823	-0.0000	14910.7329	0.5063	0.0000	0.5586	0.0000
15.3000	1155.1574	12.9910	11221.2244	5045.0681	0.0000	0.0161	745.6766	24641.5000	8000.0000	0.0000	26876.0000	7000.0000	0.0000	0.3167	9.5848	-0.0000	14758.5817	0.6374	0.0000	0.6616	0.0000
15.4000	1158.2704	13.0830	11334.2156	5069.7534	0.0000	0.0161	744.4350	24606.5000	8000.0000	0.0000	26836.0000	7000.0000	0.0000	0.3797	9.5876	-0.0000	14606.1126	0.7664	0.0000	0.7626	0.0000
15.5000	1161.3320	13.1749	11447.5241	5094.4337	0.0000	0.0160	743.1972	24571.5000	8000.0000	0.0000	26796.0000	7000.0000	0.0000	0.4415	9.5906	-0.0000	14453.3310	0.8933	0.0000	0.8616	0.0000
15.6000	1164.3427	13.2666	11561.1441	5119.1115	0.0000	0.0160	741.9631	24536.5000	8000.0000	0.0000	26756.0000	7000.0000	0.0000	0.5022	9.5940	-0.0000	14300.2420	1.0181	0.0000	0.9589	0.0000
15.7000	1167.3030	13.3583	11675.0699	5143.7892	0.0000	0.0160	740.7328	24501.5000	8000.0000	0.0000	26716.0000	7000.0000	0.0000	0.5620	9.5976	-0.0000	14146.8512	1.1408	0.0000	1.0560	0.0000
15.8000	1170.2132	13.4499	11789.2958	5168.4691	0.0000	0.0160	739.5062	24466.5000	8000.0000	0.0000	26676.0000	7000.0000	0.0000	0.6209	9.6016	-0.0000	13993.1636	1.2617	0.0000	1.1513	0.0000
15.9000	1173.0739	13.5415	11903.8161	5193.1535	0.0000	0.0160	738.2833	24431.5000	8000.0000	0.0000	26636.0000	7000.0000	0.0000	0.6787	9.6058	-0.0000	13839.1845	1.3807	0.0000	1.2451	0.0000
16.0000	1175.8853	13.6330	12018.6254	5217.8447	0.0000	0.0160	737.0643	24396.5000	8000.0000	0.0000	26596.0000	7000.0000	0.0000	0.7356	9.6102	-0.0000	13684.9190	1.4980	0.0000	1.3373	0.0000
16.1000	1178.6481	13.7245	12133.7180	5242.5450	0.0000	0.0160	735.8489	24361.5000	8000.0000	0.0000	26556.0000	7000.0000	0.0000	0.7915	9.6150	-0.0000	13530.3722	1.6133	0.0000	1.4280	0.0000
16.2000	1181.3627	13.8159	12249.0885	5267.2566	0.0000	0.0159	734.6373	24326.5000	8000.0000	0.0000	26516.0000	7000.0000	0.0000	0.8464	9.6200	-0.0000	13375.5491	1.7269	0.0000	1.5172	0.0000
16.3000	1184.0294	13.9071	12364.7315	5291.9817	0.0000	0.0159	733.4295	24291.5000	8000.0000	0.0000	26476.0000	7000.0000	0.0000	0.9004	9.6252	-0.0000	13220.4546	1.8386	0.0000	1.6050	0.0000
16.4000	1186.6489	13.9982	12480.6417	5316.7225	0.0000	0.0159	732.2254	24256.5000	8000.0000	0.0000	26436.0000	7000.0000	0.0000	0.9534	9.6307	-0.0000	13065.0938	1.9485	0.0000	1.6912	0.0000
16.5000	1189.2184	14.0890	12596.8137	5341.4812	0.0000	0.0158	731.0251	24221.5000	8000.0000	0.0000	26396.0000	7000.0000	0.0000	1.0051	9.6365	-0.0000	12909.4714	2.0566	0.0000	1.7760	0.0000
16.6000	1191.7238	14.1796	12713.2413	5366.2595	0.0000	0.0158	729.8285	24186.5000	8000.0000	0.0000	26356.0000	7000.0000	0.0000	1.0554	9.6425	-0.0000	12753.5933	2.1630	0.0000	1.8595	0.0000
16.7000	1194.1645	14.2700	12829.9176	5391.0591	0.0000	0.0158	728.6356	24151.5000	8000.0000	0.0000	26316.0000	7000.0000	0.0000	1.1047	9.6487	-0.0000	12597.4659	2.2676	0.0000	1.9417	0.0000
16.8000	1196.5414	14.3602	12946.8356	5415.8815	0.0000	0.0157	727.4466	24116.5000	8000.0000	0.0000	26276.0000	7000.0000	0.0000	1.1530	9.6552	-0.0000	12441.0959	2.3705	0.0000	2.0226	0.0000
16.9000	1198.8553	14.4502	13063.9885	5440.7283	0.0000	0.0157	726.2612	24081.5000	8000.0000	0.0000	26236.0000	7000.0000	0.0000	1.2003	9.6619	-0.0000	12284.4898	2.4718	0.0000	2.1022	0.0000
17.0000	1201.1073	14.5400	13181.3696	5465.6010	0.0000	0.0157	725.0796	24046.5000	8000.0000	0.0000	26196.0000	7000.0000	0.0000	1.2467	9.6689	-0.0000	12127.6539	2.5715	0.0000	2.1806	0.0000
17.1000	1203.2937	14.6735	13298.9721	5490.5015	0.0000	0.1595	723.9018	24011.5000	8000.0000	0.0000	26156.0000	7000.0000	0.0000	1.7680	13.1788	-0.0000	11017.9735	2.6673	0.0000	17.3734	0.0000
17.2000	1205.2522	16.6905	13416.7782	5515.4595	0.0000	0.4986	722.7277	23976.5000	8000.0000	0.0000	26116.0000	7000.0000	0.0000	2.3589	13.2344	-0.0000	10863.5268	4.4433	0.0000	11.2150	0.0000
17.3000	1206.6843	19.7341	13534.7422	5540.5126	0.0000	0.5429	721.5574	23941.5000	8000.0000	0.0000	26076.0000	7000.0000	0.0000	3.6020	13.2913	-0.0000	10708.9102	7.4102	0.0000	10.5699	0.0000
17.4000	1207.5900	22.7472	13652.7936	5565.7148	0.0000	0.4972	720.3908	23906.5000	8000.0000	0.0000	26036.0000	7000.0000	0.0000	4.8878	13.3493	-0.0000	10554.1796	10.3705	0.0000	11.5210	0.0000
17.5000	1208.2066	25.4240	13770.8787	5591.1300	0.0000	0.4292	719.2279	23871.5000	8000.0000	0.0000	25996.0000	7000.0000	0.0000	6.0168	13.4079	-0.0000	10399.3751	12.9752	0.0000	12.7843	0.0000
17.6000	1208.5279	27.7052	13888.9545	5616.8167	0.0000	0.3609	718.0689	23836.5000	8000.0000	0.0000	25956.0000	7000.0000	0.0000	6.9416	13.4668	-0.0000	10244.5248	15.1566	0.0000	13.9601	0.0000
17.7000	1208.5714	29.6096	14006.9804	5642.8216	0.0000	0.2988	716.9135	23801.5000	8000.0000	0.0000	25916.0000	7000.0000	0.0000	7.6756	13.5258	-0.0000	10089.6568	16.9346	0.0000	14.9416	0.0000
17.8000	1208.3708	31.1772	14124.9207	5669.1806	0.0000	0.2442	715.7619	23766.5000	8000.0000	0.0000	25876.0000	7000.0000	0.0000	8.2450	13.5845	-0.0000	9934.7975	18.3536	0.0000	15.7168	0.0000
17.9000	1207.9668	32.4512	14242.7449	5695.9204	0.0000	0.1969	714.6141	23731.5000	8000.0000	0.0000	25836.0000	7000.0000	0.0000	8.6760	13.6427	-0.0000	9779.9698	19.4609	0.0000	16.3023	0.0000
18.0000	1207.4018	33.4719	14360.4282	5723.0608	0.0000	0.1563	713.4700	23696.5000	8000.0000	0.0000	25796.0000	7000.0000	0.0000	8.9922	13.7004	-0.0000	9625.1928	20.3008	0.0000	16.7214	0.0000
18.1000	1206.7166	34.2752	14477.9513	5750.6154	0.0000	0.1215	712.3297	23661.5000	8000.0000	0.0000	25756.0000	7000.0000	0.0000	9.2131	13.7572	-0.0000	9470.4815	20.9126	0.0000	16.9976	0.0000
18.2000	1205.9488	34.8925	14595.2997	5778.5935	0.0000	0.0918	711.1931	23626.5000	8000.0000	0.0000	25716.0000	7000.0000	0.0000	9.3550	13.8132	-0.0000	9315.8473	21.3304	0.0000	17.1520	0.0000
18.3000	1205.1316	35.3511	14712.4635	5807.0005	0.0000	0.0664	710.0602	23591.5000	8000.0000	0.0000	25676.0000	7000.0000	0.0000	9.4315	13.8682	-0.0000	9161.2981	21.5838	0.0000	17.2033	0.0000
18.4000	1204.2939	35.6742	14829.4365	5835.8389	0.0000	0.0448	708.9312	23556.5000	8000.0000	0.0000	25636.0000	7000.0000	0.0000	9.4534	13.9221	-0.0000	9006.8385	21.6983	0.0000	17.1674	0.0000
18.5000	1203.4600	35.8822	14946.2159	5865.1088	0.0000	0.0264	707.8058	23521.5000	8000.0000	0.0000	25596.0000	7000.0000	0.0000	9.4299	13.9749	-0.0000	8852.4707	21.6956	0.0000	17.0582	0.0000
18.6000	1202.6501	35.9922	15062.8016	5894.8084	0.0000	0.0108	706.6842	23486.5000	8000.0000	0.0000	25556.0000	7000.0000	0.0000	9.3684	14.0265	-0.0000	8698.1945	21.5944	0.0000	16.8877	0.0000
18.7000	1201.8807	36.0191	15179.1961	5924.9340	0.0000	-0.0024	705.5664	23451.5000	8000.0000	0.0000	25516.0000	7000.0000	0.0000	9.2753	14.0768	-0.0000	8544.0076	21.4106	0.0000	16.6660	0.0000
18.8000	1201.1647	35.9755	15295.4036	5955.4810	0.0000	-0.0136	704.4523	23416.5000	8000.0000	0.0000	25476.0000	7000.0000	0.0000	9.1557	14.1260	-0.0000	8389.9064	21.1580	0.0000	16.4020	0.0000
18.9000	1200.5123	35.8722	15411.4299	5986.4433	0.0000	-0.0231	703.3420	23381.5000	8000.0000	0.0000	25436.0000	7000.0000	0.0000	9.0141	14.1738	-0.0000	8235.8861	20.8482	0.0000	16.1032	0.0000
19.0000	1199.9310	35.7186	15527.2820	6017.8143	0.0000	-0.0311	702.2354	23346.5000	8000.0000	0.0000	25396.0000	7000.0000	0.0000	8.8541	14.2203	-0.0000	8081.9407	20.4913	0.0000	15.7760	0.0000
19.1000	1199.4262	35.5226	15642.9681	6049.5862	0.0000	-0.0378	701.1325	23311.5000	8000.0000	0.0000	25356.0000	7000.0000	0.0000	8.6791	14.2656	-0.0000	7928.0636	20.0957	0.0000	15.4261	0.0000
19.2000	1199.0014	35.2910	15758.4969	6081.7508	0.0000	-0.0434	700.0335	23276.5000	8000.0000	0.0000	25316.0000	7000.0000	0.0000	8.4918	14.3095	-0.0000	7774.2477	19.6688	0.0000	15.0581	0.0000
19.3000	1198.6586	35.0299	15873.8778	6114.2994	0.0000	-0.0481	698.9381	23241.5000	8000.0000	0.0000	25276.0000	7000.0000	0.0000	8.2945	14.3522	-0.0000	7620.4852	19.2170	0.0000	14.6763	0.0000
19.4000	1198.3985	34.7442	15989.1206	6147.2227	0.0000	-0.0519	697.8465	23206.5000	8000.0000	0.0000	25236.0000	7000.0000	0.0000	8.0892	14.3935	-0.0000	7466.7686	18.7458	0.0000	14.2842	0.0000
19.5000	1198.2208	34.4385	16104.2352	6180.5112	0.0000	-0.0550	696.7587	23171.5000	8000.0000	0.0000	25196.0000	7000.0000	0.0000	7.8779	14.4335	-0.0000	7313.0898	18.2597	0.0000	13.8850	0.0000
19.6000	1198.1243	34.1165	16219.2318	6214.1550	0.0000	-0.0575	695.6746	23136.5000	8000.0000	0.0000	25156.0000	7000.0000	0.0000	7.6620	14.4723	-0.0000	7159.4409	17.7630	0.0000	13.4813	0.0000
19.7000	1198.1072	33.7816	16334.1205	6248.1440	0.0000	-0.0595	694.5943	23101.5000	8000.0000	0.0000	25116.0000	7000.0000	0.0000	7.4430	14.5098	-0.0000	7005.8141	17.2590	0.0000	13.0754	0.0000
19.8000	1198.1669	33.4368	16448.9115	6282.4679	0.0000	-0.0610	693.5177	23066.5000	8000.0000	0.0000	25076.0000	7000.0000	0.0000	7.2221	14.5460	-0.0000	6852.2017	16.7510	0.0000	12.6696	0.0000
19.9000	1198.3008	33.0846	16563.6147	6317.1163	0.0000	-0.0620	692.4448	23031.5000	8000.0000	0.0000	25036.0000	7000.0000	0.0000	7.0004	14.5810	-0.0000	6698.5961	16.2415	0.0000	12.2654	0.0000
20.0000	1198.5057	32.7275	16678.2399	6352.0788	0.0000	-0.0627	691.3758	22996.5000	8000.0000	0.0000	24996.0000	7000.0000	0.0000	6.7789	14.6148	-0.0000	6544.9900	15.7330	0.0000	11.8646	0.0000
20.1000	1198.7780	32.3673	16792.7967	6387.3449	0.0000	-0.0630	690.3104	22961.5000	8000.0000	0.0000	24956.0000	7000.0000	0.0000	6.5584	14.6475	-0.0000	6391.3763	15.2275	0.0000	11.4686	0.0000
20.2000	1199.1144	32.0060	16907.2944	6422.9039	0.0000	-0.0631	689.2488	22926.5000	8000.0000	0.0000	24916.0000	7000.0000	0.0000	6.3398	14.6790	-0.0000	6237.7482	14.7269	0.0000	11.0786	0.0000
20.3000	1199.5111	31.6452	17021.7422	6458.7455	0.0000	-0.0628	688.1910	22891.5000	8000.0000	0.0000	24876.0000	7000.0000	0.0000	6.1237	14.7094	-0.0000	6084.0994	14.2327	0.0000	10.6956	0.0000
20.4000	1199.9645	31.2864	17136.1487	6494.8592	0.0000	-0.0623	687.1369	22856.5000	8000.0000	0.0000	24836.0000	7000.0000	0.0000	5.9109	14.7387	-0.0000	5930.4236	13.7465	0.0000	10.3208	0.0000
20.5000	1200.4709	30.9309	17250.5224	6531.2347	0.0000	-0.0616	686.0866	22821.5000	8000.0000	0.0000	24796.0000	7000.0000	0.0000	5.7019	14.7669	-0.0000	5776.7150	13.2694	0.0000	9.9549	0.0000
20.6000	1201.0265	30.5801	17364.8713	6567.8618	0.0000	-0.0607	685.0400	22786.5000	8000.0000	0.0000	24756.0000	7000.0000	0.0000	5.4972	14.7942	-0.0000	5622.9681	12.8027	0.0000	9.5988	0.0000
20.7000	1201.6278	30.2351	17479.2031	6604.7305	0.0000	-0.0596	683.9971	22751.5000	8000.0000	0.0000	24716.0000	7000.0000	0.0000	5.2973	14.8205	-0.0000	5469.1777	12.3474	0.0000	9.2533	0.0000
20.8000	1202.2712	29.8969	17593.5251	6641.8308	0.0000	-0.0583	682.9581	22716.5000	8000.0000	0.0000	24676.0000	7000.0000	0.0000	5.1026	14.8458	-0.0000	5315.3391	11.9045	0.0000	8.9189	0.0000
20.9000	1202.9534	29.5665	17707.8444	6679.1532	0.0000	-0.0568	681.9227	22681.5000	8000.0000	0.0000	24636.0000	7000.0000	0.0000	4.9136	14.8703	-0.0000	5161.4476	11.4747	0.0000	8.5963	0.0000
21.0000	1203.6709	29.2449	17822.1676	6716.6882	0.0000	-0.0552	680.8911	22646.5000	8000.0000	0.0000	24596.0000	7000.0000	0.0000	4.7306	14.8939	-0.0000	5007.4991	11.0589	0.0000	8.2860	0.0000
21.1000	1204.4206	28.9330	17936.5009	6754.4266	0.0000	-0.0535	679.8633	22611.5000	8000.0000	0.0000	24556.0000	7000.0000	0.0000	4.5539	14.9167	-0.0000	4853.4897	10.6578	0.0000	7.9886	0.0000
21.2000	1205.1994	28.6316	18050.8503	6792.3595	0.0000	-0.0515	678.8392	22576.5000	8000.0000	0.0000	24516.0000	7000.0000	0.0000	4.3839	14.9387	-0.0000	4699.4159	10.2720	0.0000	7.7046	0.0000
21.3000	1206.0044	28.3415	18165.2211	6830.4783	0.0000	-0.0495	677.8189	22541.5000	8000.0000	0.0000	24476.0000	7000.0000	0.0000	4.2209	14.9600	-0.0000	4545.2743	9.9023	0.0000	7.4344	0.0000
21.4000	1206.8329	28.0635	18279.6187	6868.7747	0.0000	-0.0473	676.8023	22506.5000	8000.0000	0.0000	24436.0000	7000.0000	0.0000	4.0650	14.9807	-0.0000	4391.0619	9.5491	0.0000	7.1784	0.0000
21.5000	1207.6821	27.7984	18394.0477	6907.2407	0.0000	-0.0450	675.7894	22471.5000	8000.0000	0.0000	24396.0000	7000.0000	0.0000	3.9167	15.0008	-0.0000	4236.7761	9.2130	0.0000	6.9372	0.0000
21.6000	1208.5495	27.5469	18508.5128	6945.8685	0.0000	-0.0425	674.7804	22436.5000	8000.0000	0.0000	24356.0000	7000.0000	0.0000	3.7760	15.0203	-0.0000	4082.4144	8.8945	0.0000	6.7112	0.0000
21.7000	1209.4328	27.3097	18623.0179	6984.6510	0.0000	-0.0400	673.7750	22401.5000	8000.0000	0.0000	24316.0000	7000.0000	0.0000	3.6432	15.0393	-0.0000	3927.9745	8.5943	0.0000	6.5008	0.0000
21.8000	1210.3298	27.0877	18737.5668	7023.5812	0.0000	-0.0373	672.7734	22366.5000	8000.0000	0.0000	24276.0000	7000.0000	0.0000	3.5186	15.0578	-0.0000	3773.4546	8.3127	0.0000	6.3065	0.0000
21.9000	1211.2384	26.8815	18852.1630	7062.6525	0.0000	-0.0344	671.7756	22331.5000	8000.0000	0.0000	24236.0000	7000.0000	0.0000	3.4024	15.0760	-0.0000	3618.8529	8.0504	0.0000	6.1287	0.0000
22.0000	1212.1682	26.6920	18966.8098	7101.8591	0.0000	-0.0314	670.7815	22296.5000	8000.0000	0.0000	24196.0000	7000.0000	0.0000	3.2983	15.0938	-0.0000	3464.1677	7.8078	0.0000	5.9673	0.0000
22.1000	1213.1366	26.5199	19081.5121	7141.1961	0.0000	-0.0284	669.7912	22261.5000	8000.0000	0.0000	24156.0000	7000.0000	0.0000	3.2033	15.1113	-0.0000	3309.3958	7.5852	0.0000	5.8212	0.0000
22.2000	1214.1390	26.3654	19196.2749	7180.6598	0.0000	-0.0252	668.8046	22226.5000	8000.0000	0.0000	24116.0000	7000.0000	0.0000	3.1163	15.1286	-0.0000	3154.5331	7.3829	0.0000	5.6915	0.0000
22.3000	1215.1705	26.2291	19311.1028	7220.2463	0.0000	-0.0220	667.8217	22191.5000	8000.0000	0.0000	24076.0000	7000.0000	0.0000	3.0377	15.1458	-0.0000	2999.5760	7.2009	0.0000	5.5791	0.0000
22.4000	1216.2265	26.1113	19425.9998	7259.9525	0.0000	-0.0187	666.8427	22156.5000	8000.0000	0.0000	24036.0000	7000.0000	0.0000	2.9674	15.1629	-0.0000	2844.5216	7.0394	0.0000	5.4845	0.0000
22.5000	1217.3025	26.0127	19540.9692	7299.7752	0.0000	-0.0153	665.8673	22121.5000	8000.0000	0.0000	23996.0000	7000.0000	0.0000	2.9056	15.1799	-0.0000	2689.3673	6.8990	0.0000	5.4087	0.0000
22.6000	1218.3940	25.9342	19656.0138	7339.7118	0.0000	-0.0117	664.8957	22086.5000	8000.0000	0.0000	23956.0000	7000.0000	0.0000	2.8526	15.1970	-0.0000	2534.1110	6.7801	0.0000	5.3526	0.0000
22.7000	1219.4963	25.8769	19771.1358	7379.7598	0.0000	-0.0079	663.9279	22051.5000	8000.0000	0.0000	23916.0000	7000.0000	0.0000	2.8088	15.2142	-0.0000	2378.7511	6.6836	0.0000	5.3177	0.0000
22.8000	1220.6050	25.8422	19886.3367	7419.9172	0.0000	-0.0038	662.9638	22016.5000	8000.0000	0.0000	23876.0000	7000.0000	0.0000	2.7746	15.2316	-0.0000	2223.2867	6.6107	0.0000	5.3059	0.0000
22.9000	1221.7153	25.8320	20001.6176	7460.1825	0.0000	0.0007	662.0035	21981.5000	8000.0000	0.0000	23836.0000	7000.0000	0.0000	2.7507	15.2493	-0.0000	2067.7171	6.5628	0.0000	5.3195	0.0000
23.0000	1222.8222	25.8486	20116.9787	7500.5543	0.0000	0.0057	661.0469	21946.5000	8000.0000	0.0000	23796.0000	7000.0000	0.0000	2.7377	15.2674	-0.0000	1912.0421	6.5421	0.0000	5.3620	0.0000
23.1000	1223.9204	25.8952	20232.4196	7541.0319	0.0000	0.0113	660.0940	21911.5000	8000.0000	0.0000	23756.0000	7000.0000	0.0000	2.7368	15.2861	-0.0000	1756.2624	6.5511	0.0000	5.4381	0.0000
23.2000	1225.0041	25.9757	20347.9393	7581.6151	0.0000	0.0177	659.1450	21876.5000	8000.0000	0.0000	23716.0000	7000.0000	0.0000	2.7495	15.3056	-0.0000	1600.3790	6.5936	0.0000	5.5543	0.0000
23.3000	1226.0667	26.0957	20463.5357	7622.3041	0.0000	0.0252	658.1996	21841.5000	8000.0000	0.0000	23676.0000	7000.0000	0.0000	2.7776	15.3260	-0.0000	1444.3937	6.6743	0.0000	5.7206	0.0000
23.4000	1227.1005	26.2628	20579.2058	7663.0999	0.0000	0.0343	657.2580	21806.5000	8000.0000	0.0000	23636.0000	7000.0000	0.0000	2.8241	15.3477	-0.0000	1288.3089	6.8001	0.0000	5.9517	0.0000
23.5000	1228.0962	26.4879	20694.9455	7704.0041	0.0000	0.0458	656.3202	21771.5000	8000.0000	0.0000	23596.0000	7000.0000	0.0000	2.8928	15.3710	-0.0000	1132.1281	6.9810	0.0000	6.2720	0.0000
23.6000	1229.0421	26.7873	20810.7493	7745.0195	0.0000	0.0609	655.3861	21736.5000	8000.0000	0.0000	23556.0000	7000.0000	0.0000	2.9901	15.3965	-0.0000	975.8557	7.2321	0.0000	6.7238	0.0000
23.7000	1229.9224	27.1873	20926.6097	7786.1498	0.0000	0.0821	654.4558	21701.5000	8000.0000	0.0000	23516.0000	7000.0000	0.0000	3.1264	15.4251	-0.0000	819.4977	7.5771	0.0000	7.3881	0.0000
23.8000	1230.7150	27.7333	21042.5167	7827.4006	0.0000	0.1142	653.5292	21666.5000	8000.0000	0.0000	23476.0000	7000.0000	0.0000	3.3214	15.4583	-0.0000	663.0621	8.0577	0.0000	8.4416	0.0000
23.9000	1231.4363	28.5131	21158.4580	7868.7808	0.0000	0.1688	652.6063	21631.5000	8000.0000	0.0000	23436.0000	7000.0000	0.0000	3.6252	15.4990	-0.0000	506.5583	8.7531	0.0000	10.3181	0.0000
24.0000	1232.0793	29.7241	21274.4203	7910.3071	0.0000	0.2802	651.6873	21596.5000	8000.0000	0.0000	23396.0000	7000.0000	0.0000	4.1346	15.5545	-0.0000	349.9946	9.8390	0.0000	14.5406	0.0000
24.1000	1232.5537	31.9780	21390.3809	7952.0100	0.0000	0.6103	650.7719	21561.5000	8000.0000	0.0000	23356.0000	7000.0000	0.0000	5.2722	15.6508	-0.0000	193.3838	11.8374	0.0000	30.0000	0.0000
24.2000	1232.6518	36.6839	21506.2906	7993.9499	0.0000	1.0291	649.8603	21526.5000	8000.0000	0.0000	23316.0000	7000.0000	0.0000	6.7898	16.2034	-0.0000	36.7562	16.1567	0.0000	30.0000	0.0000
24.2100	1232.6290	37.2737	21517.8760	7998.1595	0.0000	1.0563	649.7694	21523.0000	8000.0000	0.0000	23312.0000	7000.0000	0.0000	6.9804	16.6663	-0.0000	21.0956	16.7139	0.0000	30.0000	0.0000
