0	350.966	45.0000	2.4749	2.4749	0.0000	0.0000	979.8183	29997.0000	8000.0000	0.0000	32994.5000	7000.0000	0.0000	-0.0000	45.0000	-0.0000	30000.0000	-0.0000	0.0000	0.0000	0.0000
0.1000	360.5789	45.0003	27.6252	27.5713	0.0000	0.0002	978.0029	29967.0000	8000.0000	0.0000	32939.5000	7000.0000	0.0000	0.0477	45.0001	-0.0000	29964.5664	0.1104	0.0000	0.1608	0.0000
0.2000	370.1084	45.0022	53.5012	53.2961	0.0000	0.0005	976.1913	29937.0000	8000.0000	0.0000	32884.5000	7000.0000	0.0000	0.0934	45.0003	-0.0000	29928.1745	0.2157	0.0000	0.2961	0.0000
0.3000	379.5542	45.0062	80.0964	79.6435	0.0000	0.0010	974.3835	29907.0000	8000.0000	0.0000	32829.5000	7000.0000	0.0000	0.1376	45.0006	-0.0000	29890.8329	0.3172	0.0000	0.4178	0.0000
0.4000	388.9280	45.0128	107.4049	106.6084	0.0000	0.0014	972.5794	29877.0000	8000.0000	0.0000	32774.5000	7000.0000	0.0000	0.1808	45.0010	-0.0000	29852.5496	0.4156	0.0000	0.5322	0.0000
0.5000	398.2305	45.0219	135.4210	134.1861	0.0000	0.0018	970.7791	29847.0000	8000.0000	0.0000	32719.5000	7000.0000	0.0000	0.2231	45.0016	-0.0000	29813.3319	0.5111	0.0000	0.6428	0.0000
0.6000	407.4609	45.0333	164.1392	162.3720	0.0000	0.0022	968.9825	29817.0000	8000.0000	0.0000	32664.5000	7000.0000	0.0000	0.2645	45.0023	-0.0000	29773.1869	0.6041	0.0000	0.7516	0.0000
0.7000	416.6180	45.0469	193.5535	191.1617	0.0000	0.0026	967.1896	29787.0000	8000.0000	0.0000	32609.5000	7000.0000	0.0000	0.3047	45.0032	-0.0000	29732.1221	0.6945	0.0000	0.8536	0.0000
0.8000	425.7006	45.0624	223.6581	220.5503	0.0000	0.0029	965.4006	29757.0000	8000.0000	0.0000	32554.5000	7000.0000	0.0000	0.3438	45.0041	-0.0000	29690.1449	0.7825	0.0000	0.9528	0.0000
0.9000	434.7076	45.0796	254.4471	250.5332	0.0000	0.0031	963.6152	29727.0000	8000.0000	0.0000	32499.5000	7000.0000	0.0000	0.3821	45.0052	-0.0000	29647.2628	0.8680	0.0000	1.0498	0.0000
1.0000	443.6381	45.0982	285.9142	281.1058	0.0000	0.0034	961.8336	29697.0000	8000.0000	0.0000	32444.5000	7000.0000	0.0000	0.4194	45.0065	-0.0000	29603.4835	0.9510	0.0000	1.1444	0.0000
1.1000	452.4912	45.1181	318.0534	312.2632	0.0000	0.0036	960.0558	29667.0000	8000.0000	0.0000	32389.5000	7000.0000	0.0000	0.4557	45.0078	-0.0000	29558.8146	1.0316	0.0000	1.2372	0.0000
1.2000	461.2661	45.1390	350.8584	344.0007	0.0000	0.0038	958.2817	29637.0000	8000.0000	0.0000	32334.5000	7000.0000	0.0000	0.4911	45.0093	-0.0000	29513.2641	1.1098	0.0000	1.3283	0.0000
1.3000	469.9618	45.1610	384.3227	376.3135	0.0000	0.0039	956.5114	29607.0000	8000.0000	0.0000	32279.5000	7000.0000	0.0000	0.5255	45.0108	-0.0000	29466.8397	1.1857	0.0000	1.4173	0.0000
1.4000	478.5778	45.1837	418.4401	409.1966	0.0000	0.0040	954.7448	29577.0000	8000.0000	0.0000	32224.5000	7000.0000	0.0000	0.5591	45.0126	-0.0000	29419.5495	1.2592	0.0000	1.5043	0.0000
1.5000	487.1134	45.2072	453.2039	442.6454	0.0000	0.0042	952.9819	29547.0000	8000.0000	0.0000	32169.5000	7000.0000	0.0000	0.5917	45.0144	-0.0000	29371.4015	1.3306	0.0000	1.5892	0.0000
1.6000	495.5678	45.2313	488.6077	476.6548	0.0000	0.0043	951.2229	29517.0000	8000.0000	0.0000	32114.5000	7000.0000	0.0000	0.6234	45.0163	-0.0000	29322.4037	1.3997	0.0000	1.6721	0.0000
1.7000	503.9406	45.2560	524.6449	511.2199	0.0000	0.0043	949.4675	29487.0000	8000.0000	0.0000	32059.5000	7000.0000	0.0000	0.6543	45.0184	-0.0000	29272.5644	1.4667	0.0000	1.7531	0.0000
1.8000	512.2336	45.2811	561.3089	546.3358	0.0000	0.0044	947.7159	29457.0000	8000.0000	0.0000	32004.5000	7000.0000	0.0000	0.6845	45.0205	-0.0000	29221.8916	1.5317	0.0000	1.8248	0.0000
1.9000	520.4589	45.3066	598.5936	581.9981	0.0000	0.0045	945.9681	29427.0000	8000.0000	0.0000	31949.5000	7000.0000	0.0000	0.7141	45.0228	-0.0000	29170.3930	1.5946	0.0000	1.8858	0.0000
2.0000	528.6190	45.3324	636.4934	618.2030	0.0000	0.0045	944.2240	29397.0000	8000.0000	0.0000	31894.5000	7000.0000	0.0000	0.7429	45.0252	-0.0000	29118.0752	1.6556	0.0000	1.9438	0.0000
2.1000	536.7144	45.3586	675.0028	654.9468	0.0000	0.0046	942.4837	29367.0000	8000.0000	0.0000	31839.5000	7000.0000	0.0000	0.7710	45.0277	-0.0000	29064.9446	1.7147	0.0000	1.9992	0.0000
2.2000	544.7459	45.3850	714.1166	692.2257	0.0000	0.0046	940.7471	29337.0000	8000.0000	0.0000	31784.5000	7000.0000	0.0000	0.7984	45.0303	-0.0000	29011.0077	1.7719	0.0000	2.0520	0.0000
2.3000	552.7141	45.4117	753.8293	730.0362	0.0000	0.0047	939.0142	29307.0000	8000.0000	0.0000	31729.5000	7000.0000	0.0000	0.8251	45.0330	-0.0000	28956.2709	1.8273	0.0000	2.1024	0.0000
2.4000	560.6199	45.4385	794.1356	768.3748	0.0000	0.0047	937.2852	29277.0000	8000.0000	0.0000	31674.5000	7000.0000	0.0000	0.8511	45.0358	-0.0000	28900.7405	1.8810	0.0000	2.1504	0.0000
2.5000	568.4639	45.4655	835.0302	807.2378	0.0000	0.0047	935.5598	29247.0000	8000.0000	0.0000	31619.5000	7000.0000	0.0000	0.8764	45.0387	-0.0000	28844.4227	1.9331	0.0000	2.1962	0.0000
2.6000	576.2471	45.4927	876.5080	846.6219	0.0000	0.0047	933.8382	29217.0000	8000.0000	0.0000	31564.5000	7000.0000	0.0000	0.9011	45.0418	-0.0000	28787.3236	1.9834	0.0000	2.2398	0.0000
2.7000	583.9691	45.5198	918.5638	886.5236	0.0000	0.0048	932.1204	29187.0000	8000.0000	0.0000	31509.5000	7000.0000	0.0000	0.9250	45.0449	-0.0000	28729.4493	2.0322	0.0000	2.2813	0.0000
2.8000	591.6282	45.5471	961.1923	926.9394	0.0000	0.0048	930.4063	29157.0000	8000.0000	0.0000	31454.5000	7000.0000	0.0000	0.9483	45.0481	-0.0000	28670.8059	2.0795	0.0000	2.3208	0.0000
2.9000	599.2250	45.5744	1004.3883	967.8659	0.0000	0.0048	928.6960	29127.0000	8000.0000	0.0000	31399.5000	7000.0000	0.0000	0.9709	45.0514	-0.0000	28611.3997	2.1252	0.0000	2.3585	0.0000
3.0000	606.7604	45.6017	1048.1465	1009.2994	0.0000	0.0048	926.9894	29097.0000	8000.0000	0.0000	31344.5000	7000.0000	0.0000	0.9930	45.0548	-0.0000	28551.2369	2.1695	0.0000	2.3940	0.0000
3.1000	614.2698	44.4147	1092.4723	1051.2270	0.0000	-0.3816	925.2865	29067.0000	8000.0000	0.0000	31289.5000	7000.0000	0.0000	0.3720	12.5054	-0.0000	29801.5131	1.2354	0.0000	-17.6473	0.0000
3.2000	621.7698	41.9018	1137.3874	1093.6245	0.0000	-0.4795	923.5875	29037.0000	8000.0000	0.0000	31234.5000	7000.0000	0.0000	-0.6544	12.4622	-0.0000	29707.0685	-1.1362	0.0000	-13.7000	0.0000
3.3000	629.0758	39.1270	1182.9215	1136.4493	0.0000	-0.4816	921.8921	29007.0000	8000.0000	0.0000	31179.5000	7000.0000	0.0000	-1.8318	12.4181	-0.0000	29611.9463	-3.7775	0.0000	-13.8078	0.0000
3.4000	636.0644	36.4275	1229.0979	1179.6361	0.0000	-0.4559	920.2005	28977.0000	8000.0000	0.0000	31124.5000	7000.0000	0.0000	-2.9533	12.3733	-0.0000	29516.1373	-6.3067	0.0000	-14.9766	0.0000
3.5000	642.7394	33.8990	1275.9352	1223.1177	0.0000	-0.4229	918.5127	28947.0000	8000.0000	0.0000	31069.5000	7000.0000	0.0000	-3.9696	12.3278	-0.0000	29419.6380	-8.6204	0.0000	-16.3348	0.0000
3.6000	649.2012	31.5630	1323.4514	1266.8326	0.0000	-0.3893	916.8286	28917.0000	8000.0000	0.0000	31014.5000	7000.0000	0.0000	-4.8893	12.2820	-0.0000	29322.4452	-10.6982	0.0000	-17.6210	0.0000
3.7000	655.4763	29.4166	1371.6670	1310.7282	0.0000	-0.3570	915.1483	28887.0000	8000.0000	0.0000	30959.5000	7000.0000	0.0000	-5.7016	12.2357	-0.0000	29224.5503	-12.5470	0.0000	-18.7619	0.0000
3.8000	661.5619	27.4497	1420.5984	1354.7552	0.0000	-0.3269	913.4717	28857.0000	8000.0000	0.0000	30904.5000	7000.0000	0.0000	-6.4141	12.1892	-0.0000	29125.9476	-14.1818	0.0000	-19.7454	0.0000
3.9000	667.4605	25.6503	1470.2582	1398.8678	0.0000	-0.2988	911.7988	28827.0000	8000.0000	0.0000	30849.5000	7000.0000	0.0000	-7.0355	12.1424	-0.0000	29026.6342	-15.6197	0.0000	-20.5789	0.0000
4.0000	673.1789	24.0063	1520.6555	1443.0236	0.0000	-0.2728	910.1298	28797.0000	8000.0000	0.0000	30794.5000	7000.0000	0.0000	-7.5745	12.0956	-0.0000	28926.6099	-16.8772	0.0000	-21.2744	0.0000
4.1000	678.7265	22.5059	1571.7966	1487.1838	0.0000	-0.2488	908.4644	28767.0000	8000.0000	0.0000	30739.5000	7000.0000	0.0000	-8.0391	12.0488	-0.0000	28825.8765	-17.9698	0.0000	-21.8450	0.0000
4.2000	684.1149	21.1382	1623.6856	1531.3127	0.0000	-0.2267	906.8028	28737.0000	8000.0000	0.0000	30684.5000	7000.0000	0.0000	-8.4370	12.0019	-0.0000	28724.4372	-18.9121	0.0000	-22.3029	0.0000
4.3000	689.3567	19.8925	1676.3244	1575.3779	0.0000	-0.2063	905.1450	28707.0000	8000.0000	0.0000	30629.5000	7000.0000	0.0000	-8.7749	11.9552	-0.0000	28622.2962	-19.7176	0.0000	-22.6593	0.0000
4.4000	694.4651	18.7593	1729.7138	1619.3502	0.0000	-0.1876	903.4909	28677.0000	8000.0000	0.0000	30574.5000	7000.0000	0.0000	-9.0592	11.9086	-0.0000	28519.4586	-20.3988	0.0000	-22.9246	0.0000
4.5000	699.4536	17.7293	1783.8531	1663.2032	0.0000	-0.1704	901.8406	28647.0000	8000.0000	0.0000	30519.5000	7000.0000	0.0000	-9.2955	11.8623	-0.0000	28415.9299	-20.9671	0.0000	-23.1082	0.0000
4.6000	704.3352	16.7941	1838.7408	1706.9132	0.0000	-0.1547	900.1940	28617.0000	8000.0000	0.0000	30464.5000	7000.0000	0.0000	-9.4886	11.8162	-0.0000	28311.7162	-21.4332	0.0000	-23.2362	0.0000
4.7000	709.1228	15.9457	1894.3746	1750.4590	0.0000	-0.1402	898.5511	28587.0000	8000.0000	0.0000	30409.5000	7000.0000	0.0000	-9.6430	11.7703	-0.0000	28206.8233	-21.8068	0.0000	-23.3111	0.0000
4.8000	713.8285	15.1769	1950.7514	1793.8218	0.0000	-0.1270	896.9121	28557.0000	8000.0000	0.0000	30354.5000	7000.0000	0.0000	-9.7629	11.7248	-0.0000	28101.2576	-22.0968	0.0000	-23.3274	0.0000
4.9000	718.4637	14.4810	2007.8681	1836.9851	0.0000	-0.1149	895.2767	28527.0000	8000.0000	0.0000	30299.5000	7000.0000	0.0000	-9.8520	11.6797	-0.0000	27995.0249	-22.3113	0.0000	-23.2912	0.0000
5.0000	723.0389	13.8516	2065.7209	1879.9341	0.0000	-0.1039	893.6451	28497.0000	8000.0000	0.0000	30244.5000	7000.0000	0.0000	-9.9135	11.6350	-0.0000	27888.1313	-22.4580	0.0000	-23.2080	0.0000
5.1000	727.5637	13.2829	2124.3059	1922.6560	0.0000	-0.0938	892.0173	28467.0000	8000.0000	0.0000	30189.5000	7000.0000	0.0000	-9.9503	11.5906	-0.0000	27780.5826	-22.5438	0.0000	-23.0832	0.0000
5.2000	732.0470	12.7696	2183.6190	1965.1396	0.0000	-0.0846	890.3932	28437.0000	8000.0000	0.0000	30134.5000	7000.0000	0.0000	-9.9651	11.5467	-0.0000	27672.3843	-22.5750	0.0000	-22.9214	0.0000
5.3000	736.4968	12.3068	2243.6559	2007.3753	0.0000	-0.0762	888.7729	28407.0000	8000.0000	0.0000	30079.5000	7000.0000	0.0000	-9.9602	11.5033	-0.0000	27563.5420	-22.5573	0.0000	-22.7269	0.0000
5.4000	740.9200	11.8899	2304.4125	2049.3547	0.0000	-0.0686	887.1563	28377.0000	8000.0000	0.0000	30024.5000	7000.0000	0.0000	-9.9377	11.4603	-0.0000	27454.0607	-22.4961	0.0000	-22.5037	0.0000
5.5000	745.3231	11.5148	2365.8842	2091.0708	0.0000	-0.0617	885.5434	28347.0000	8000.0000	0.0000	29969.5000	7000.0000	0.0000	-9.8996	11.4179	-0.0000	27343.9454	-22.3962	0.0000	-22.2553	0.0000
5.6000	749.7115	11.1778	2428.0669	2132.5177	0.0000	-0.0554	883.9344	28317.0000	8000.0000	0.0000	29914.5000	7000.0000	0.0000	-9.8474	11.3759	-0.0000	27233.2009	-22.2618	0.0000	-21.9850	0.0000
5.7000	754.0902	10.8754	2490.9560	2173.6905	0.0000	-0.0497	882.3290	28287.0000	8000.0000	0.0000	29859.5000	7000.0000	0.0000	-9.7828	11.3345	-0.0000	27121.8319	-22.0970	0.0000	-21.6956	0.0000
5.8000	758.4633	10.6045	2554.5472	2214.5850	0.0000	-0.0445	880.7274	28257.0000	8000.0000	0.0000	29804.5000	7000.0000	0.0000	-9.7072	11.2936	-0.0000	27009.8426	-21.9054	0.0000	-21.3898	0.0000
5.9000	762.8344	10.3621	2618.8362	2255.1983	0.0000	-0.0397	879.1296	28227.0000	8000.0000	0.0000	29749.5000	7000.0000	0.0000	-9.6218	11.2532	-0.0000	26897.2372	-21.6902	0.0000	-21.0701	0.0000
6.0000	767.2065	10.1458	2683.8186	2295.5278	0.0000	-0.0354	877.5355	28197.0000	8000.0000	0.0000	29694.5000	7000.0000	0.0000	-9.5280	11.2133	-0.0000	26784.0199	-21.4544	0.0000	-20.7397	0.0000
6.1000	771.5821	9.9530	2749.4902	2335.5718	0.0000	-0.0315	875.9452	28167.0000	8000.0000	0.0000	29639.5000	7000.0000	0.0000	-9.4267	11.1741	-0.0000	26670.1944	-21.2007	0.0000	-20.3990	0.0000
6.2000	775.9632	9.7815	2815.8465	2375.3292	0.0000	-0.0280	874.3586	28137.0000	8000.0000	0.0000	29584.5000	7000.0000	0.0000	-9.3187	11.1353	-0.0000	26555.7645	-20.9316	0.0000	-20.0501	0.0000
6.3000	780.3516	9.6294	2882.8835	2414.7992	0.0000	-0.0248	872.7757	28107.0000	8000.0000	0.0000	29529.5000	7000.0000	0.0000	-9.2049	11.0972	-0.0000	26440.7339	-20.6493	0.0000	-19.6945	0.0000
6.4000	784.7486	9.4950	2950.5968	2453.9817	0.0000	-0.0219	871.1967	28077.0000	8000.0000	0.0000	29474.5000	7000.0000	0.0000	-9.0859	11.0596	-0.0000	26325.1060	-20.3556	0.0000	-19.3338	0.0000
6.5000	789.1552	9.3766	3018.9823	2492.8771	0.0000	-0.0192	869.6213	28047.0000	8000.0000	0.0000	29419.5000	7000.0000	0.0000	-8.9626	11.0225	-0.0000	26208.8844	-20.0523	0.0000	-18.9692	0.0000
6.6000	793.5720	9.2728	3088.0358	2531.4859	0.0000	-0.0168	868.0497	28017.0000	8000.0000	0.0000	29364.5000	7000.0000	0.0000	-8.8355	10.9860	-0.0000	26092.0722	-19.7410	0.0000	-18.6018	0.0000
6.7000	797.9996	9.1823	3157.7531	2569.8093	0.0000	-0.0146	866.4819	27987.0000	8000.0000	0.0000	29309.5000	7000.0000	0.0000	-8.7051	10.9501	-0.0000	25974.6728	-19.4230	0.0000	-18.2326	0.0000
6.8000	802.4382	9.1040	3228.1301	2607.8486	0.0000	-0.0126	864.9178	27957.0000	8000.0000	0.0000	29254.5000	7000.0000	0.0000	-8.5720	10.9148	-0.0000	25856.6893	-19.0997	0.0000	-17.8625	0.0000
6.9000	806.8879	9.0368	3299.1628	2645.6054	0.0000	-0.0107	863.3575	27927.0000	8000.0000	0.0000	29199.5000	7000.0000	0.0000	-8.4365	10.8800	-0.0000	25738.1249	-18.7720	0.0000	-17.4923	0.0000
7.0000	811.3486	8.9797	3370.8469	2683.0816	0.0000	-0.0091	861.8009	27897.0000	8000.0000	0.0000	29144.5000	7000.0000	0.0000	-8.2992	10.8458	-0.0000	25618.9826	-18.4411	0.0000	-17.1226	0.0000
7.1000	815.8199	8.9319	3443.1784	2720.2792	0.0000	-0.0075	860.2480	27867.0000	8000.0000	0.0000	29089.5000	7000.0000	0.0000	-8.1603	10.8122	-0.0000	25499.2655	-18.1078	0.0000	-16.7542	0.0000
7.2000	820.3017	8.8925	3516.1533	2757.2007	0.0000	-0.0061	858.6990	27837.0000	8000.0000	0.0000	29034.5000	7000.0000	0.0000	-8.0203	10.7792	-0.0000	25378.9766	-17.7729	0.0000	-16.3876	0.0000
7.3000	824.7933	8.8610	3589.7675	2793.8486	0.0000	-0.0048	857.1536	27807.0000	8000.0000	0.0000	28979.5000	7000.0000	0.0000	-7.8791	10.7467	-0.0000	25258.1187	-17.4371	0.0000	-16.0191	0.0000
7.4000	829.2944	8.8365	3664.0170	2830.2254	0.0000	-0.0036	855.6120	27777.0000	8000.0000	0.0000	28924.5000	7000.0000	0.0000	-7.7363	10.7147	-0.0000	25136.6949	-17.1010	0.0000	-15.6338	0.0000
7.5000	833.8045	8.8187	3738.8977	2866.3341	0.0000	-0.0025	854.0742	27747.0000	8000.0000	0.0000	28869.5000	7000.0000	0.0000	-7.5932	10.6834	-0.0000	25014.7081	-16.7653	0.0000	-15.2527	0.0000
7.6000	838.3229	8.8068	3814.4056	2902.1778	0.0000	-0.0015	852.5401	27717.0000	8000.0000	0.0000	28814.5000	7000.0000	0.0000	-7.4500	10.6526	-0.0000	24892.1610	-16.4304	0.0000	-14.8759	0.0000
7.7000	842.8488	8.8006	3890.5367	2937.7596	0.0000	-0.0006	851.0098	27687.0000	8000.0000	0.0000	28759.5000	7000.0000	0.0000	-7.3068	10.6223	-0.0000	24769.0567	-16.0968	0.0000	-14.5036	0.0000
7.8000	847.3814	8.7994	3967.2870	2973.0827	0.0000	0.0003	849.4832	27657.0000	8000.0000	0.0000	28704.5000	7000.0000	0.0000	-7.1639	10.5926	-0.0000	24645.3979	-15.7648	0.0000	-14.1362	0.0000
7.9000	851.9199	8.8030	4044.6526	3008.1506	0.0000	0.0011	847.9603	27627.0000	8000.0000	0.0000	28649.5000	7000.0000	0.0000	-7.0213	10.5635	-0.0000	24521.1874	-15.4347	0.0000	-13.7738	0.0000
8.0000	856.4633	8.8110	4122.6293	3042.9666	0.0000	0.0018	846.4413	27597.0000	8000.0000	0.0000	28594.5000	7000.0000	0.0000	-6.8793	10.5349	-0.0000	24396.4282	-15.1070	0.0000	-13.4166	0.0000
8.1000	861.0108	8.8229	4201.2133	3077.5342	0.0000	0.0025	844.9259	27567.0000	8000.0000	0.0000	28539.5000	7000.0000	0.0000	-6.7379	10.5068	-0.0000	24271.1230	-14.7818	0.0000	-13.0647	0.0000
8.2000	865.5616	8.8386	4280.4006	3111.8570	0.0000	0.0031	843.4143	27537.0000	8000.0000	0.0000	28484.5000	7000.0000	0.0000	-6.5973	10.4793	-0.0000	24145.2746	-14.4593	0.0000	-12.7183	0.0000
8.3000	870.1147	8.8577	4360.1873	3145.9385	0.0000	0.0037	841.9065	27507.0000	8000.0000	0.0000	28429.5000	7000.0000	0.0000	-6.4576	10.4524	-0.0000	24018.8859	-14.1398	0.0000	-12.3774	0.0000
8.4000	874.6693	8.8801	4440.5694	3179.7824	0.0000	0.0042	840.4024	27477.0000	8000.0000	0.0000	28374.5000	7000.0000	0.0000	-6.3189	10.4259	-0.0000	23891.9597	-13.8235	0.0000	-12.0421	0.0000
8.5000	879.2245	8.9054	4521.5429	3213.3924	0.0000	0.0047	838.9021	27447.0000	8000.0000	0.0000	28319.5000	7000.0000	0.0000	-6.1812	10.4000	-0.0000	23764.4988	-13.5103	0.0000	-11.7124	0.0000
8.6000	883.7794	8.9335	4603.1040	3246.7721	0.0000	0.0052	837.4055	27417.0000	8000.0000	0.0000	28264.5000	7000.0000	0.0000	-6.0445	10.3747	-0.0000	23636.5059	-13.2005	0.0000	-11.3884	0.0000
8.7000	888.3331	8.9642	4685.2489	3279.9254	0.0000	0.0056	835.9126	27387.0000	8000.0000	0.0000	28209.5000	7000.0000	0.0000	-5.9091	10.3498	-0.0000	23507.9839	-12.8942	0.0000	-11.0700	0.0000
8.8000	892.8850	8.9974	4767.9734	3312.8560	0.0000	0.0060	834.4236	27357.0000	8000.0000	0.0000	28154.5000	7000.0000	0.0000	-5.7749	10.3255	-0.0000	23378.9356	-12.5914	0.0000	-10.7574	0.0000
8.9000	897.4340	9.0329	4851.2740	3345.5676	0.0000	0.0064	832.9382	27327.0000	8000.0000	0.0000	28099.5000	7000.0000	0.0000	-5.6419	10.3016	-0.0000	23249.3638	-12.2922	0.0000	-10.4504	0.0000
9.0000	901.9795	9.0705	4935.1465	3378.0640	0.0000	0.0068	831.4566	27297.0000	8000.0000	0.0000	28044.5000	7000.0000	0.0000	-5.5102	10.2783	-0.0000	23119.2712	-11.9967	0.0000	-10.1491	0.0000
9.1000	906.5206	9.1101	5019.5873	3410.3492	0.0000	0.0071	829.9788	27267.0000	8000.0000	0.0000	27989.5000	7000.0000	0.0000	-5.3798	10.2555	-0.0000	22988.6607	-11.7048	0.0000	-9.8534	0.0000
9.2000	911.0566	9.1516	5104.5924	3442.4267	0.0000	0.0074	828.5047	27237.0000	8000.0000	0.0000	27934.5000	7000.0000	0.0000	-5.2509	10.2332	-0.0000	22857.5351	-11.4166	0.0000	-9.5633	0.0000
9.3000	915.5867	9.1949	5190.1580	3474.3006	0.0000	0.0077	827.0344	27207.0000	8000.0000	0.0000	27879.5000	7000.0000	0.0000	-5.1232	10.2114	-0.0000	22725.8971	-11.1322	0.0000	-9.2787	0.0000
9.4000	920.1103	9.2399	5276.2804	3505.9745	0.0000	0.0080	825.5678	27177.0000	8000.0000	0.0000	27824.5000	7000.0000	0.0000	-4.9970	10.1901	-0.0000	22593.7495	-10.8515	0.0000	-8.9996	0.0000
9.5000	924.6266	9.2865	5362.9558	3537.4524	0.0000	0.0083	824.1049	27147.0000	8000.0000	0.0000	27769.5000	7000.0000	0.0000	-4.8722	10.1693	-0.0000	22461.0951	-10.5745	0.0000	-8.7259	0.0000
9.6000	929.1350	9.3347	5450.1803	3568.7380	0.0000	0.0085	822.6459	27117.0000	8000.0000	0.0000	27714.5000	7000.0000	0.0000	-4.7489	10.1490	-0.0000	22327.9368	-10.3012	0.0000	-8.4577	0.0000
9.7000	933.6348	9.3842	5537.9502	3599.8352	0.0000	0.0088	821.1905	27087.0000	8000.0000	0.0000	27659.5000	7000.0000	0.0000	-4.6269	10.1292	-0.0000	22194.2772	-10.0317	0.0000	-8.1947	0.0000
9.8000	938.1254	9.4351	5626.2617	3630.7477	0.0000	0.0090	819.7389	27057.0000	8000.0000	0.0000	27604.5000	7000.0000	0.0000	-4.5065	10.1098	-0.0000	22060.1191	-9.7658	0.0000	-7.9370	0.0000
9.9000	942.6063	9.4873	5715.1113	3661.4793	0.0000	0.0092	818.2911	27027.0000	8000.0000	0.0000	27549.5000	7000.0000	0.0000	-4.3874	10.0909	-0.0000	21925.4654	-9.5036	0.0000	-7.6845	0.0000
10.0000	947.0768	9.5407	5804.4950	3692.0339	0.0000	0.0094	816.8470	26997.0000	8000.0000	0.0000	27494.5000	7000.0000	0.0000	-4.2698	10.0725	-0.0000	21790.3188	-9.2451	0.0000	-7.4371	0.0000
10.1000	951.5364	9.5952	5894.4093	3722.4152	0.0000	0.0096	815.4067	26967.0000	8000.0000	0.0000	27439.5000	7000.0000	0.0000	-4.1537	10.0546	-0.0000	21654.6819	-8.9902	0.0000	-7.1947	0.0000
10.2000	955.9845	9.6509	5984.8505	3752.6269	0.0000	0.0098	813.9701	26937.0000	8000.0000	0.0000	27384.5000	7000.0000	0.0000	-4.0390	10.0371	-0.0000	21518.5577	-8.7389	0.0000	-6.9573	0.0000
10.3000	960.4208	9.7076	6075.8149	3782.6729	0.0000	0.0100	812.5372	26907.0000	8000.0000	0.0000	27329.5000	7000.0000	0.0000	-3.9258	10.0201	-0.0000	21381.9488	-8.4912	0.0000	-6.7247	0.0000
10.4000	964.8446	9.7653	6167.2989	3812.5569	0.0000	0.0102	811.1082	26877.0000	8000.0000	0.0000	27274.5000	7000.0000	0.0000	-3.8141	10.0035	-0.0000	21244.8580	-8.2470	0.0000	-6.4970	0.0000
10.5000	969.2556	9.8240	6259.2989	3842.2825	0.0000	0.0103	809.6828	26847.0000	8000.0000	0.0000	27219.5000	7000.0000	0.0000	-3.7037	9.9874	-0.0000	21107.2880	-8.0063	0.0000	-6.2740	0.0000
10.6000	973.6663	9.8836	6351.8116	3871.8536	0.0000	0.0105	808.2612	26817.0000	8000.0000	0.0000	27164.5000	7000.0000	0.0000	-3.5982	9.9718	-0.0000	20969.2413	-7.7689	0.0000	-6.0556	0.0000
10.7000	978.0836	9.9440	6444.8355	3901.2742	0.0000	0.0106	806.8434	26787.0000	8000.0000	0.0000	27109.5000	7000.0000	0.0000	-3.4951	9.9566	-0.0000	20830.7186	-7.5349	0.0000	-5.8612	0.0000
10.8000	982.4880	10.0044	6538.3681	3930.5478	0.0000	0.0105	805.4293	26757.0000	8000.0000	0.0000	27054.5000	7000.0000	0.0000	-3.3942	9.9418	-0.0000	20691.7214	-7.3046	0.0000	-5.6817	0.0000
10.9000	986.8768	10.0642	6632.4061	3959.6776	0.0000	0.0104	804.0190	26727.0000	8000.0000	0.0000	26999.5000	7000.0000	0.0000	-3.2949	9.9275	-0.0000	20552.2523	-7.0786	0.0000	-5.5034	0.0000
11.0000	991.2493	10.1236	6726.9460	3988.6667	0.0000	0.0103	802.6124	26697.0000	8000.0000	0.0000	26944.5000	7000.0000	0.0000	-3.1971	9.9136	-0.0000	20412.3141	-6.8570	0.0000	-5.3274	0.0000
11.1000	995.6049	10.1828	6821.9842	4017.5181	0.0000	0.0103	801.2095	26667.0000	8000.0000	0.0000	26889.5000	7000.0000	0.0000	-3.1006	9.9001	-0.0000	20271.9095	-6.6393	0.0000	-5.1539	0.0000
11.2000	999.9429	10.2419	6917.5173	4046.2350	0.0000	0.0103	799.8105	26637.0000	8000.0000	0.0000	26834.5000	7000.0000	0.0000	-3.0055	9.8871	-0.0000	20131.0414	-6.4252	0.0000	-4.9828	0.0000
11.3000	1004.2627	10.3013	7013.5417	4074.8202	0.0000	0.0104	798.4151	26607.0000	8000.0000	0.0000	26779.5000	7000.0000	0.0000	-2.9116	9.8745	-0.0000	19989.7126	-6.2145	0.0000	-4.8142	0.0000
11.4000	1008.5640	10.3612	7110.0538	4103.2769	0.0000	0.0105	797.0235	26577.0000	8000.0000	0.0000	26724.5000	7000.0000	0.0000	-2.8187	9.8623	-0.0000	19847.9259	-6.0068	0.0000	-4.6478	0.0000
11.5000	1012.8462	10.4218	7207.0501	4131.6081	0.0000	0.0106	795.6357	26547.0000	8000.0000	0.0000	26669.5000	7000.0000	0.0000	-2.7267	9.8505	-0.0000	19705.6843	-5.8020	0.0000	-4.4834	0.0000
11.6000	1017.1090	10.4832	7304.5271	4159.8169	0.0000	0.0108	794.2516	26517.0000	8000.0000	0.0000	26614.5000	7000.0000	0.0000	-2.6356	9.8392	-0.0000	19562.9905	-5.5997	0.0000	-4.3209	0.0000
11.7000	1021.3520	10.5455	7402.4812	4187.9061	0.0000	0.0110	792.8713	26487.0000	8000.0000	0.0000	26559.5000	7000.0000	0.0000	-2.5454	9.8283	-0.0000	19419.8475	-5.3999	0.0000	-4.1603	0.0000
11.8000	1025.5748	10.6089	7500.9089	4215.8790	0.0000	0.0112	791.4947	26457.0000	8000.0000	0.0000	26504.5000	7000.0000	0.0000	-2.4558	9.8178	-0.0000	19276.2581	-5.2024	0.0000	-4.0015	0.0000
11.9000	1029.7772	10.6734	7599.8065	4243.7384	0.0000	0.0114	790.1218	26427.0000	8000.0000	0.0000	26449.5000	7000.0000	0.0000	-2.3670	9.8078	-0.0000	19132.2253	-5.0070	0.0000	-3.8443	0.0000
12.0000	1033.9576	10.7392	7699.1705	4271.4876	0.0000	0.0116	788.7528	26397.0000	8000.0000	0.0000	26394.5000	7000.0000	0.0000	-2.2786	9.7981	-0.0000	18987.7520	-4.8136	0.0000	-3.6887	0.0000
12.1000	1038.1146	10.8062	7798.9972	4299.1295	0.0000	0.0118	787.3874	26367.0000	8000.0000	0.0000	26339.5000	7000.0000	0.0000	-2.1908	9.7889	-0.0000	18842.8412	-4.6222	0.0000	-3.5347	0.0000
12.2000	1042.2478	10.8744	7899.2827	4326.6673	0.0000	0.0120	786.0258	26337.0000	8000.0000	0.0000	26284.5000	7000.0000	0.0000	-2.1037	9.7801	-0.0000	18697.4962	-4.4327	0.0000	-3.3822	0.0000
12.3000	1046.3572	10.9440	8000.0232	4354.1039	0.0000	0.0123	784.6680	26307.0000	8000.0000	0.0000	26229.5000	7000.0000	0.0000	-2.0171	9.7717	-0.0000	18551.7200	-4.2450	0.0000	-3.2312	0.0000
12.4000	1050.4425	11.0150	8101.2150	4381.4425	0.0000	0.0125	783.3139	26277.0000	8000.0000	0.0000	26174.5000	7000.0000	0.0000	-1.9311	9.7637	-0.0000	18405.5157	-4.0591	0.0000	-3.0817	0.0000
12.5000	1054.5035	11.0872	8202.8543	4408.6863	0.0000	0.0127	781.9636	26247.0000	8000.0000	0.0000	26119.5000	7000.0000	0.0000	-1.8457	9.7561	-0.0000	18258.8866	-3.8749	0.0000	-2.9336	0.0000
12.6000	1058.5400	11.1608	8304.9372	4435.8382	0.0000	0.0130	780.6170	26217.0000	8000.0000	0.0000	26064.5000	7000.0000	0.0000	-1.7608	9.7489	-0.0000	18111.8358	-3.6925	0.0000	-2.7869	0.0000
12.7000	1062.5520	11.2357	8407.4601	4462.9016	0.0000	0.0132	779.2741	26187.0000	8000.0000	0.0000	26009.5000	7000.0000	0.0000	-1.6765	9.7421	-0.0000	17964.3664	-3.5117	0.0000	-2.6416	0.0000
12.8000	1066.5393	11.3120	8510.4191	4489.8796	0.0000	0.0134	777.9351	26157.0000	8000.0000	0.0000	25954.5000	7000.0000	0.0000	-1.5927	9.7357	-0.0000	17816.4814	-3.3325	0.0000	-2.4977	0.0000
12.9000	1070.5016	11.3894	8613.8105	4516.7753	0.0000	0.0136	776.5997	26127.0000	8000.0000	0.0000	25899.5000	7000.0000	0.0000	-1.5095	9.7296	-0.0000	17668.1841	-3.1551	0.0000	-2.3552	0.0000
13.0000	1074.4432	11.4682	8717.6307	4543.5921	0.0000	0.0139	775.2681	26097.0000	8000.0000	0.0000	25844.5000	7000.0000	0.0000	-1.4274	9.7240	-0.0000	17519.4775	-2.9792	0.0000	-2.2142	0.0000
13.1000	1078.3751	11.5481	8821.8768	4570.3332	0.0000	0.0141	773.9403	26067.0000	8000.0000	0.0000	25789.5000	7000.0000	0.0000	-1.3461	9.7188	-0.0000	17370.3637	-2.8050	0.0000	-2.0746	0.0000
13.2000	1082.2975	11.6292	8926.5468	4597.0024	0.0000	0.0143	772.6162	26037.0000	8000.0000	0.0000	25734.5000	7000.0000	0.0000	-1.2652	9.7139	-0.0000	17220.8444	-2.6324	0.0000	-1.9364	0.0000
13.3000	1086.2102	11.7113	9031.6383	4623.6030	0.0000	0.0144	771.2959	26007.0000	8000.0000	0.0000	25679.5000	7000.0000	0.0000	-1.1849	9.7095	-0.0000	17070.9210	-2.4615	0.0000	-1.7997	0.0000
13.4000	1090.1128	11.7946	9137.1494	4650.1389	0.0000	0.0146	769.9793	25977.0000	8000.0000	0.0000	25624.5000	7000.0000	0.0000	-1.1050	9.7054	-0.0000	16920.5950	-2.2923	0.0000	-1.6644	0.0000
13.5000	1094.0050	11.8788	9243.0776	4676.6134	0.0000	0.0148	768.6664	25947.0000	8000.0000	0.0000	25569.5000	7000.0000	0.0000	-1.0257	9.7017	-0.0000	16769.8681	-2.1248	0.0000	-1.5306	0.0000
13.6000	1097.8855	11.9639	9349.4209	4703.0302	0.0000	0.0149	767.3574	25917.0000	8000.0000	0.0000	25514.5000	7000.0000	0.0000	-0.9468	9.6983	-0.0000	16618.7417	-1.9591	0.0000	-1.3984	0.0000
13.7000	1101.7354	12.0499	9456.1761	4729.3927	0.0000	0.0151	766.0520	25887.0000	8000.0000	0.0000	25459.5000	7000.0000	0.0000	-0.8678	9.6954	-0.0000	16467.2180	-1.7952	0.0000	-1.2676	0.0000
13.8000	1105.5483	12.1367	9563.3387	4755.7041	0.0000	0.0152	764.7504	25857.0000	8000.0000	0.0000	25404.5000	7000.0000	0.0000	-0.7896	9.6928	-0.0000	16315.3011	-1.6332	0.0000	-1.1383	0.0000
13.9000	1109.3240	12.2244	9670.9039	4781.9674	0.0000	0.0154	763.4526	25827.0000	8000.0000	0.0000	25349.5000	7000.0000	0.0000	-0.7122	9.6905	-0.0000	16162.9950	-1.4729	0.0000	-1.0106	0.0000
14.0000	1113.0626	12.3127	9778.8670	4808.1855	0.0000	0.0155	762.1585	25797.0000	8000.0000	0.0000	25294.5000	7000.0000	0.0000	-0.6355	9.6886	-0.0000	16010.3039	-1.3145	0.0000	-0.8844	0.0000
14.1000	1116.7641	12.4018	9887.2232	4834.3617	0.0000	0.0156	760.8682	25767.0000	8000.0000	0.0000	25239.5000	7000.0000	0.0000	-0.5596	9.6871	-0.0000	15857.2320	-1.1580	0.0000	-0.7597	0.0000
14.2000	1120.4286	12.4916	9995.9678	4860.4989	0.0000	0.0157	759.5816	25737.0000	8000.0000	0.0000	25184.5000	7000.0000	0.0000	-0.4845	9.6859	-0.0000	15703.7833	-1.0033	0.0000	-0.6365	0.0000
14.3000	1124.0561	12.5821	10105.0962	4886.6001	0.0000	0.0159	758.2987	25707.0000	8000.0000	0.0000	25129.5000	7000.0000	0.0000	-0.4103	9.6851	-0.0000	15549.9620	-0.8503	0.0000	-0.5157	0.0000
14.4000	1127.6466	12.6733	10214.6036	4912.6685	0.0000	0.0160	757.0197	25677.0000	8000.0000	0.0000	25074.5000	7000.0000	0.0000	-0.3369	9.6846	-0.0000	15395.7721	-0.6992	0.0000	-0.3961	0.0000
14.5000	1131.2001	12.7651	10324.4855	4938.7070	0.0000	0.0161	755.7443	25647.0000	8000.0000	0.0000	25019.5000	7000.0000	0.0000	-0.2641	9.6844	-0.0000	15241.2178	-0.5497	0.0000	-0.2776	0.0000
14.6000	1134.7168	12.8576	10434.7371	4964.7185	0.0000	0.0162	754.4727	25617.0000	8000.0000	0.0000	24964.5000	7000.0000	0.0000	-0.1920	9.6846	-0.0000	15086.3031	-0.4020	0.0000	-0.1601	0.0000
14.7000	1138.1967	12.9507	10545.3540	4990.7063	0.0000	0.0163	753.2049	25587.0000	8000.0000	0.0000	24909.5000	7000.0000	0.0000	-0.1207	9.6851	-0.0000	14931.0320	-0.2560	0.0000	-0.0436	0.0000
14.8000	1141.6398	13.0443	10656.3315	5016.6731	0.0000	0.0164	751.9408	25557.0000	8000.0000	0.0000	24854.5000	7000.0000	0.0000	-0.0501	9.6859	-0.0000	14775.4085	-0.1118	0.0000	0.0717	0.0000
14.9000	1145.0458	13.1384	10767.6650	5042.6222	0.0000	0.0165	750.6805	25527.0000	8000.0000	0.0000	24799.5000	7000.0000	0.0000	0.0197	9.6871	-0.0000	14619.4367	0.0306	0.0000	0.1856	0.0000
15.0000	1148.4036	13.2328	10879.3496	5068.5562	0.0000	0.0165	749.4239	25497.0000	8000.0000	0.0000	24744.5000	7000.0000	0.0000	0.0885	9.6886	-0.0000	14463.1208	0.1710	0.0000	0.2970	0.0000
15.1000	1151.7093	13.3273	10991.3794	5094.4779	0.0000	0.0165	748.1710	25467.0000	8000.0000	0.0000	24689.5000	7000.0000	0.0000	0.1562	9.6904	-0.0000	14306.4663	0.3094	0.0000	0.4067	0.0000
15.2000	1154.9634	13.4218	11103.7482	5120.3898	0.0000	0.0165	746.9220	25437.0000	8000.0000	0.0000	24634.5000	7000.0000	0.0000	0.2228	9.6925	-0.0000	14149.4785	0.4457	0.0000	0.5145	0.0000
15.3000	1158.1662	13.5163	11216.4503	5146.2945	0.0000	0.0165	745.6766	25407.0000	8000.0000	0.0000	24579.5000	7000.0000	0.0000	0.2883	9.6949	-0.0000	13992.1630	0.5799	0.0000	0.6203	0.0000
15.4000	1161.3180	13.6108	11329.4797	5172.1944	0.0000	0.0165	744.4350	25377.0000	8000.0000	0.0000	24524.5000	7000.0000	0.0000	0.3527	9.6976	-0.0000	13834.5252	0.7120	0.0000	0.7240	0.0000
15.5000	1164.4193	13.7053	11442.8307	5198.0922	0.0000	0.0165	743.1972	25347.0000	8000.0000	0.0000	24469.5000	7000.0000	0.0000	0.4160	9.7006	-0.0000	13676.5703	0.8420	0.0000	0.8258	0.0000
15.6000	1167.4705	13.7998	11556.4973	5223.9901	0.0000	0.0165	741.9631	25317.0000	8000.0000	0.0000	24414.5000	7000.0000	0.0000	0.4782	9.7039	-0.0000	13518.3037	0.9701	0.0000	0.9257	0.0000
15.7000	1170.4720	13.8943	11670.4740	5249.8906	0.0000	0.0165	740.7328	25287.0000	8000.0000	0.0000	24359.5000	7000.0000	0.0000	0.5395	9.7075	-0.0000	13359.7305	1.0962	0.0000	1.0254	0.0000
15.8000	1173.4243	13.9889	11784.7551	5275.7961	0.0000	0.0165	739.5062	25257.0000	8000.0000	0.0000	24304.5000	7000.0000	0.0000	0.5999	9.7114	-0.0000	13200.8561	1.2205	0.0000	1.1238	0.0000
15.9000	1176.3276	14.0836	11899.3350	5301.7090	0.0000	0.0165	738.2833	25227.0000	8000.0000	0.0000	24249.5000	7000.0000	0.0000	0.6594	9.7156	-0.0000	13041.6854	1.3431	0.0000	1.2207	0.0000
16.0000	1179.1825	14.1784	12014.2080	5327.6316	0.0000	0.0166	737.0643	25197.0000	8000.0000	0.0000	24194.5000	7000.0000	0.0000	0.7179	9.7201	-0.0000	12882.2237	1.4640	0.0000	1.3160	0.0000
16.1000	1181.9894	14.2734	12129.3688	5353.5663	0.0000	0.0166	735.8489	25167.0000	8000.0000	0.0000	24139.5000	7000.0000	0.0000	0.7756	9.7248	-0.0000	12722.4760	1.5831	0.0000	1.4100	0.0000
16.2000	1184.7488	14.3683	12244.8119	5379.5152	0.0000	0.0166	734.6373	25137.0000	8000.0000	0.0000	24084.5000	7000.0000	0.0000	0.8323	9.7298	-0.0000	12562.4472	1.7006	0.0000	1.5026	0.0000
16.3000	1187.4610	14.4633	12360.5318	5405.4808	0.0000	0.0166	733.4295	25107.0000	8000.0000	0.0000	24029.5000	7000.0000	0.0000	0.8882	9.7351	-0.0000	12402.1423	1.8163	0.0000	1.5937	0.0000
16.4000	1190.1265	14.5583	12476.5234	5431.4651	0.0000	0.0166	732.2254	25077.0000	8000.0000	0.0000	23974.5000	7000.0000	0.0000	0.9430	9.7407	-0.0000	12241.5661	1.9304	0.0000	1.6835	0.0000
16.5000	1192.7440	14.6533	12592.7813	5457.4705	0.0000	0.0166	731.0251	25047.0000	8000.0000	0.0000	23919.5000	7000.0000	0.0000	0.9967	9.7465	-0.0000	12080.7236	2.0427	0.0000	1.7719	0.0000
16.6000	1195.2989	14.7482	12709.2994	5483.4988	0.0000	0.0166	729.8285	25017.0000	8000.0000	0.0000	23864.5000	7000.0000	0.0000	1.0490	9.7526	-0.0000	11919.6202	2.1534	0.0000	1.8591	0.0000
16.7000	1197.7890	14.8430	12826.0708	5509.5517	0.0000	0.0165	728.6356	24987.0000	8000.0000	0.0000	23809.5000	7000.0000	0.0000	1.1003	9.7589	-0.0000	11758.2624	2.2625	0.0000	1.9451	0.0000
16.8000	1200.2150	14.9378	12943.0886	5535.6309	0.0000	0.0165	727.4466	24957.0000	8000.0000	0.0000	23754.5000	7000.0000	0.0000	1.1507	9.7655	-0.0000	11596.6569	2.3700	0.0000	2.0299	0.0000
16.9000	1202.5779	15.0326	13060.3458	5561.7378	0.0000	0.0165	726.2612	24927.0000	8000.0000	0.0000	23699.5000	7000.0000	0.0000	1.2001	9.7723	-0.0000	11434.8103	2.4760	0.0000	2.1136	0.0000
17.0000	1204.8786	15.1274	13177.8356	5587.8741	0.0000	0.0165	725.0796	24897.0000	8000.0000	0.0000	23644.5000	7000.0000	0.0000	1.2487	9.7794	-0.0000	11272.7289	2.5806	0.0000	2.1962	0.0000
17.1000	1207.1180	15.2222	13295.5515	5614.0413	0.0000	0.0166	723.9018	24867.0000	8000.0000	0.0000	23589.5000	7000.0000	0.0000	1.2964	9.7868	-0.0000	11110.4191	2.6838	0.0000	2.2777	0.0000
17.2000	1209.2969	15.3170	13413.4867	5640.2409	0.0000	0.0166	722.7277	24837.0000	8000.0000	0.0000	23534.5000	7000.0000	0.0000	1.3433	9.7944	-0.0000	10947.8872	2.7856	0.0000	2.3581	0.0000
17.3000	1211.4163	15.4120	13531.6349	5666.4743	0.0000	0.0166	721.5574	24807.0000	8000.0000	0.0000	23479.5000	7000.0000	0.0000	1.3893	9.8023	-0.0000	10785.1393	2.8861	0.0000	2.4376	0.0000
17.4000	1213.4769	15.5070	13649.9896	5692.7430	0.0000	0.0166	720.3908	24777.0000	8000.0000	0.0000	23424.5000	7000.0000	0.0000	1.4345	9.8103	-0.0000	10622.1814	2.9854	0.0000	2.5161	0.0000
17.5000	1215.4797	15.6021	13768.5446	5719.0485	0.0000	0.0166	719.2279	24747.0000	8000.0000	0.0000	23369.5000	7000.0000	0.0000	1.4790	9.8187	-0.0000	10459.0196	3.0835	0.0000	2.5937	0.0000
17.6000	1217.4296	15.6974	13887.2937	5745.3921	0.0000	0.0166	718.0689	24717.0000	8000.0000	0.0000	23314.5000	7000.0000	0.0000	1.5232	9.8273	-0.0000	10295.6597	3.1804	0.0000	2.6704	0.0000
17.7000	1219.3338	15.7928	14006.2316	5771.7755	0.0000	0.0167	716.9135	24687.0000	8000.0000	0.0000	23259.5000	7000.0000	0.0000	1.5668	9.8361	-0.0000	10132.1067	3.2762	0.0000	2.7461	0.0000
17.8000	1221.1966	15.8613	14125.3534	5798.2000	0.0000	-0.0720	715.7619	24657.0000	8000.0000	0.0000	23204.5000	7000.0000	0.0000	1.3131	7.5425	-0.0000	9175.9586	3.3723	0.0000	-6.5588	0.0000
17.9000	1223.1189	14.7603	14244.6611	5824.6497	0.0000	-0.2850	714.6141	24627.0000	8000.0000	0.0000	23149.5000	7000.0000	0.0000	1.0161	7.5212	-0.0000	8999.7071	2.4241	0.0000	-2.6962	0.0000
18.0000	1225.2900	13.0004	14364.1769	5851.1036	0.0000	-0.3169	713.4700	24597.0000	8000.0000	0.0000	23094.5000	7000.0000	0.0000	0.2566	7.4992	-0.0000	8823.2527	0.7152	0.0000	-2.2233	0.0000
18.1000	1227.5074	11.2321	14483.9265	5877.5238	0.0000	-0.2923	712.3297	24567.0000	8000.0000	0.0000	23039.5000	7000.0000	0.0000	-0.5491	7.4767	-0.0000	8646.5734	-1.0160	0.0000	-2.6606	0.0000
18.2000	1229.5651	9.6643	14603.9152	5903.8620	0.0000	-0.2500	711.1931	24537.0000	8000.0000	0.0000	22984.5000	7000.0000	0.0000	-1.2561	7.4540	-0.0000	8469.6679	-2.5368	0.0000	-3.3666	0.0000
18.3000	1231.2929	8.3439	14724.1279	5930.0708	0.0000	-0.2068	710.0602	24507.0000	8000.0000	0.0000	22929.5000	7000.0000	0.0000	-1.8261	7.4313	-0.0000	8292.5556	-3.7930	0.0000	-4.0005	0.0000
18.4000	1232.7931	7.2642	14844.5431	5956.1101	0.0000	-0.1666	708.9312	24477.0000	8000.0000	0.0000	22874.5000	7000.0000	0.0000	-2.2735	7.4091	-0.0000	8115.2635	-4.7927	0.0000	-4.5026	0.0000
18.5000	1234.1088	6.4048	14965.1461	5981.9490	0.0000	-0.1304	707.8058	24447.0000	8000.0000	0.0000	22819.5000	7000.0000	0.0000	-2.6091	7.3874	-0.0000	7937.8105	-5.5591	0.0000	-4.8653	0.0000
18.6000	1235.2711	5.7424	15085.9240	6007.5640	0.0000	-0.0982	706.6842	24417.0000	8000.0000	0.0000	22764.5000	7000.0000	0.0000	-2.8484	7.3665	-0.0000	7760.2125	-6.1182	0.0000	-5.0976	0.0000
18.7000	1236.3190	5.2545	15206.8659	6032.9379	0.0000	-0.0698	705.5664	24387.0000	8000.0000	0.0000	22709.5000	7000.0000	0.0000	-3.0055	7.3467	-0.0000	7582.4826	-6.4953	0.0000	-5.2130	0.0000
18.8000	1237.2886	4.9207	15327.9636	6058.0595	0.0000	-0.0447	704.4523	24357.0000	8000.0000	0.0000	22654.5000	7000.0000	0.0000	-3.0921	7.3279	-0.0000	7404.6304	-6.7130	0.0000	-5.2256	0.0000
18.9000	1238.2119	4.7226	15449.2114	6082.9220	0.0000	-0.0227	703.3420	24327.0000	8000.0000	0.0000	22599.5000	7000.0000	0.0000	-3.1180	7.3104	-0.0000	7226.6627	-6.7920	0.0000	-5.1482	0.0000
19.0000	1239.1169	4.6437	15570.6057	6107.5231	0.0000	-0.0033	702.2354	24297.0000	8000.0000	0.0000	22544.5000	7000.0000	0.0000	-3.0916	7.2943	-0.0000	7048.5833	-6.7501	0.0000	-4.9925	0.0000
19.1000	1240.0275	4.6698	15692.1448	6131.8637	0.0000	0.0137	701.1325	24267.0000	8000.0000	0.0000	22489.5000	7000.0000	0.0000	-3.0200	7.2796	-0.0000	6870.3938	-6.6034	0.0000	-4.7690	0.0000
19.2000	1240.9638	4.7881	15813.8288	6155.9481	0.0000	0.0287	700.0335	24237.0000	8000.0000	0.0000	22434.5000	7000.0000	0.0000	-2.9090	7.2665	-0.0000	6692.0935	-6.3659	0.0000	-4.4868	0.0000
19.3000	1241.9425	4.9875	15935.6592	6179.7830	0.0000	0.0419	698.9381	24207.0000	8000.0000	0.0000	22379.5000	7000.0000	0.0000	-2.7638	7.2551	-0.0000	6513.6802	-6.0498	0.0000	-4.1542	0.0000
19.4000	1242.9769	5.2581	16057.6384	6203.3775	0.0000	0.0535	697.8465	24177.0000	8000.0000	0.0000	22324.5000	7000.0000	0.0000	-2.5887	7.2453	-0.0000	6335.1503	-5.6659	0.0000	-3.7784	0.0000
19.5000	1244.0776	5.5914	16179.7701	6226.7427	0.0000	0.0637	696.7587	24147.0000	8000.0000	0.0000	22269.5000	7000.0000	0.0000	-2.3874	7.2372	-0.0000	6156.4987	-5.2239	0.0000	-3.3658	0.0000
19.6000	1245.2510	5.9796	16302.0584	6249.8914	0.0000	0.0726	695.6746	24117.0000	8000.0000	0.0000	22214.5000	7000.0000	0.0000	-2.1631	7.2310	-0.0000	5977.7198	-4.7321	0.0000	-2.9224	0.0000
19.7000	1246.4961	6.4159	16424.5074	6272.8379	0.0000	0.0803	694.5943	24087.0000	8000.0000	0.0000	22159.5000	7000.0000	0.0000	-1.9187	7.2265	-0.0000	5798.8075	-4.1982	0.0000	-2.4534	0.0000
19.8000	1247.8152	6.8942	16547.1212	6295.5978	0.0000	0.0871	693.5177	24057.0000	8000.0000	0.0000	22104.5000	7000.0000	0.0000	-1.6573	7.2239	-0.0000	5619.7557	-3.6290	0.0000	-1.9636	0.0000
19.9000	1249.2106	7.4088	16669.9041	6318.1879	0.0000	0.0930	692.4448	24027.0000	8000.0000	0.0000	22049.5000	7000.0000	0.0000	-1.3819	7.2232	-0.0000	5440.5584	-3.0304	0.0000	-1.4574	0.0000
20.0000	1250.7266	7.9547	16792.8616	6340.6260	0.0000	0.0979	691.3758	23997.0000	8000.0000	0.0000	21994.5000	7000.0000	0.0000	-1.0968	7.2242	-0.0000	5261.2078	-2.4080	0.0000	-0.9387	0.0000
20.1000	1252.3771	8.5271	16916.0038	6362.9314	0.0000	0.1021	690.3104	23967.0000	8000.0000	0.0000	21939.5000	7000.0000	0.0000	-0.7989	7.2272	-0.0000	5081.6920	-1.7669	0.0000	-0.4118	0.0000
20.2000	1254.0698	9.1214	17039.3368	6385.1237	0.0000	0.1056	689.2488	23937.0000	8000.0000	0.0000	21884.5000	7000.0000	0.0000	-0.4908	7.2319	-0.0000	4902.0016	-1.1120	0.0000	0.1202	0.0000
20.3000	1255.7799	9.7341	17162.8595	6407.2220	0.0000	0.1086	688.1910	23907.0000	8000.0000	0.0000	21829.5000	7000.0000	0.0000	-0.1778	7.2385	-0.0000	4722.1349	-0.4475	0.0000	0.6676	0.0000
20.4000	1257.4971	10.3639	17286.5698	6429.2456	0.0000	0.1113	687.1369	23877.0000	8000.0000	0.0000	21774.5000	7000.0000	0.0000	0.1395	7.2468	-0.0000	4542.0916	0.2251	0.0000	1.2028	0.0000
20.5000	1259.1550	11.0045	17410.4622	6451.2136	0.0000	0.1122	686.0866	23847.0000	8000.0000	0.0000	21719.5000	7000.0000	0.0000	0.4553	7.2568	-0.0000	4361.8742	0.9005	0.0000	1.7106	0.0000
20.6000	1260.7338	11.6481	17534.5260	6473.1440	0.0000	0.1125	685.0400	23817.0000	8000.0000	0.0000	21664.5000	7000.0000	0.0000	0.7675	7.2686	-0.0000	4181.4907	1.5704	0.0000	2.2395	0.0000
20.7000	1262.2203	12.2932	17658.7499	6495.0546	0.0000	0.1126	683.9971	23787.0000	8000.0000	0.0000	21609.5000	7000.0000	0.0000	1.0725	7.2821	-0.0000	4000.9502	2.2329	0.0000	2.7591	0.0000
20.8000	1263.5190	12.9385	17783.1174	6516.9616	0.0000	0.1126	682.9581	23757.0000	8000.0000	0.0000	21554.5000	7000.0000	0.0000	1.3664	7.2971	-0.0000	3820.2661	2.8874	0.0000	3.2704	0.0000
20.9000	1264.6270	13.5828	17907.6056	6538.8794	0.0000	0.1123	681.9227	23727.0000	8000.0000	0.0000	21499.5000	7000.0000	0.0000	1.6543	7.3138	-0.0000	3639.4590	3.5329	0.0000	3.7742	0.0000
21.0000	1265.5962	14.2251	18032.1955	6560.8227	0.0000	0.1118	680.8911	23697.0000	8000.0000	0.0000	21444.5000	7000.0000	0.0000	1.9355	7.3320	-0.0000	3458.5468	4.1685	0.0000	4.2686	0.0000
21.1000	1266.4289	14.8643	18156.8704	6582.8060	0.0000	0.1112	679.8633	23667.0000	8000.0000	0.0000	21389.5000	7000.0000	0.0000	2.2084	7.3517	-0.0000	3277.5441	4.7935	0.0000	4.7541	0.0000
21.2000	1267.1228	15.4998	18281.6141	6604.8435	0.0000	0.1105	678.8392	23637.0000	8000.0000	0.0000	21334.5000	7000.0000	0.0000	2.4723	7.3730	-0.0000	3096.4651	5.4073	0.0000	5.2311	0.0000
21.3000	1267.6708	16.1309	18406.4096	6626.9485	0.0000	0.1097	677.8189	23607.0000	8000.0000	0.0000	21279.5000	7000.0000	0.0000	2.7273	7.3957	-0.0000	2915.3251	6.0097	0.0000	5.7008	0.0000
21.4000	1268.0738	16.7579	18531.2399	6649.1336	0.0000	0.1090	676.8023	23577.0000	8000.0000	0.0000	21224.5000	7000.0000	0.0000	2.9739	7.4199	-0.0000	2734.1391	6.6011	0.0000	6.1642	0.0000
21.5000	1268.3330	17.3812	18656.0882	6671.4110	0.0000	0.1085	675.7894	23547.0000	8000.0000	0.0000	21169.5000	7000.0000	0.0000	3.2124	7.4456	-0.0000	2552.9225	7.1822	0.0000	6.6230	0.0000
21.6000	1268.4499	18.0019	18780.9377	6693.7921	0.0000	0.1082	674.7804	23517.0000	8000.0000	0.0000	21114.5000	7000.0000	0.0000	3.4437	7.4728	-0.0000	2371.6902	7.7542	0.0000	7.0795	0.0000
21.7000	1268.4424	18.6219	18905.7723	6716.2881	0.0000	0.1083	673.7750	23487.0000	8000.0000	0.0000	21059.5000	7000.0000	0.0000	3.6758	7.5015	-0.0000	2190.4570	8.3191	0.0000	7.5355	0.0000
21.8000	1268.3748	19.2432	19030.5801	6738.9111	0.0000	0.1087	672.7734	23457.0000	8000.0000	0.0000	21004.5000	7000.0000	0.0000	3.9091	7.5316	-0.0000	2009.2336	8.8787	0.0000	7.9864	0.0000
21.9000	1268.2521	19.8672	19155.3532	6761.6740	0.0000	0.1092	671.7756	23427.0000	8000.0000	0.0000	20949.5000	7000.0000	0.0000	4.1388	7.5633	-0.0000	1828.0263	9.4345	0.0000	8.4360	0.0000
22.0000	1268.0725	20.4952	19280.0832	6784.5897	0.0000	0.1101	670.7815	23397.0000	8000.0000	0.0000	20894.5000	7000.0000	0.0000	4.3656	7.5966	-0.0000	1646.8414	9.9878	0.0000	8.8880	0.0000
22.1000	1267.8345	21.1289	19404.7618	6807.6707	0.0000	0.1113	669.7912	23367.0000	8000.0000	0.0000	20839.5000	7000.0000	0.0000	4.5903	7.6315	-0.0000	1465.6856	10.5404	0.0000	9.3474	0.0000
22.2000	1267.5361	21.7715	19529.3804	6830.9292	0.0000	0.1133	668.8046	23337.0000	8000.0000	0.0000	20784.5000	7000.0000	0.0000	4.8142	7.6681	-0.0000	1284.5655	11.0953	0.0000	9.8218	0.0000
22.3000	1267.1751	22.4277	19653.9302	6854.3775	0.0000	0.1163	667.8217	23307.0000	8000.0000	0.0000	20729.5000	7000.0000	0.0000	5.0395	7.7065	-0.0000	1103.4881	11.6570	0.0000	10.3249	0.0000
22.4000	1266.7486	23.1061	19778.4022	6878.0279	0.0000	0.1214	666.8427	23277.0000	8000.0000	0.0000	20674.5000	7000.0000	0.0000	5.2698	7.7470	-0.0000	922.4605	12.2335	0.0000	10.8833	0.0000
22.5000	1266.2518	23.8223	19902.7866	6901.8926	0.0000	0.1304	665.8673	23247.0000	8000.0000	0.0000	20619.5000	7000.0000	0.0000	5.5125	7.7900	-0.0000	741.4905	12.8392	0.0000	11.5567	0.0000
22.6000	1265.6769	24.6082	20027.0730	6925.9850	0.0000	0.1478	664.8957	23217.0000	8000.0000	0.0000	20564.5000	7000.0000	0.0000	5.7832	7.8366	-0.0000	560.5862	13.5030	0.0000	12.5078	0.0000
22.7000	1265.0066	25.5420	20151.2494	6950.3199	0.0000	0.1888	663.9279	23187.0000	8000.0000	0.0000	20509.5000	7000.0000	0.0000	6.1259	7.8892	-0.0000	379.7572	14.2942	0.0000	14.3441	0.0000
22.8000	1264.1888	26.8955	20275.2997	6974.9177	0.0000	0.3348	662.9638	23157.0000	8000.0000	0.0000	20454.5000	7000.0000	0.0000	6.7563	7.9585	-0.0000	199.0158	15.4420	0.0000	21.3810	0.0000
22.9000	1263.0201	30.0399	20399.1915	6999.8220	0.0000	0.8017	662.0035	23127.0000	8000.0000	0.0000	20399.5000	7000.0000	0.0000	7.9866	8.3944	-0.0000	18.3860	18.1586	0.0000	30.0000	0.0000
22.9000	1263.0201	30.0399	20399.1915	6999.8220	0.0000	0.8017	662.0035	23127.0000	8000.0000	0.0000	20399.5000	7000.0000	0.0000	7.9866	8.3944	-0.0000	18.3860	18.1586	0.0000	30.0000	0.0000
