0	350.966	45.0000	2.4749	2.4749	0.0000	0.0000	979.8183	32996.5000	8000.0000	0.0000	29996.0000	7000.0000	0.0000	-0.0000	45.0000	-0.0000	30000.0000	-0.0000	0.0000	0.0000	0.0000
0.1000	360.5789	45.0003	27.6252	27.5713	0.0000	0.0002	978.0029	32961.5000	8000.0000	0.0000	29956.0000	7000.0000	0.0000	0.0477	45.0001	-0.0000	29964.5664	0.1104	0.0000	0.1608	0.0000
0.2000	370.1084	45.0022	53.5012	53.2961	0.0000	0.0005	976.1913	32926.5000	8000.0000	0.0000	29916.0000	7000.0000	0.0000	0.0934	45.0003	-0.0000	29928.1745	0.2157	0.0000	0.2961	0.0000
0.3000	379.5542	45.0062	80.0964	79.6435	0.0000	0.0010	974.3835	32891.5000	8000.0000	0.0000	29876.0000	7000.0000	0.0000	0.1376	45.0006	-0.0000	29890.8329	0.3172	0.0000	0.4178	0.0000
0.4000	388.9280	45.0128	107.4049	106.6084	0.0000	0.0014	972.5794	32856.5000	8000.0000	0.0000	29836.0000	7000.0000	0.0000	0.1808	45.0010	-0.0000	29852.5496	0.4156	0.0000	0.5322	0.0000
0.5000	398.2305	45.0219	135.4210	134.1861	0.0000	0.0018	970.7791	32821.5000	8000.0000	0.0000	29796.0000	7000.0000	0.0000	0.2231	45.0016	-0.0000	29813.3319	0.5111	0.0000	0.6428	0.0000
0.6000	407.4609	45.0333	164.1392	162.3720	0.0000	0.0022	968.9825	32786.5000	8000.0000	0.0000	29756.0000	7000.0000	0.0000	0.2645	45.0023	-0.0000	29773.1869	0.6041	0.0000	0.7516	0.0000
0.7000	416.6180	45.0469	193.5535	191.1617	0.0000	0.0026	967.1896	32751.5000	8000.0000	0.0000	29716.0000	7000.0000	0.0000	0.3047	45.0032	-0.0000	29732.1221	0.6945	0.0000	0.8536	0.0000
0.8000	425.7006	45.0624	223.6581	220.5503	0.0000	0.0029	965.4006	32716.5000	8000.0000	0.0000	29676.0000	7000.0000	0.0000	0.3438	45.0041	-0.0000	29690.1449	0.7825	0.0000	0.9528	0.0000
0.9000	434.7076	45.0796	254.4471	250.5332	0.0000	0.0031	963.6152	32681.5000	8000.0000	0.0000	29636.0000	7000.0000	0.0000	0.3821	45.0052	-0.0000	29647.2628	0.8680	0.0000	1.0498	0.0000
1.0000	443.6381	45.0982	285.9142	281.1058	0.0000	0.0034	961.8336	32646.5000	8000.0000	0.0000	29596.0000	7000.0000	0.0000	0.4194	45.0065	-0.0000	29603.4835	0.9510	0.0000	1.1444	0.0000
1.1000	452.4912	45.1181	318.0534	312.2632	0.0000	0.0036	960.0558	32611.5000	8000.0000	0.0000	29556.0000	7000.0000	0.0000	0.4557	45.0078	-0.0000	29558.8146	1.0316	0.0000	1.2372	0.0000
1.2000	461.2661	45.1390	350.8584	344.0007	0.0000	0.0038	958.2817	32576.5000	8000.0000	0.0000	29516.0000	7000.0000	0.0000	0.4911	45.0093	-0.0000	29513.2641	1.1098	0.0000	1.3283	0.0000
1.3000	469.9618	45.1610	384.3227	376.3135	0.0000	0.0039	956.5114	32541.5000	8000.0000	0.0000	29476.0000	7000.0000	0.0000	0.5255	45.0108	-0.0000	29466.8397	1.1857	0.0000	1.4173	0.0000
1.4000	478.5778	45.1837	418.4401	409.1966	0.0000	0.0040	954.7448	32506.5000	8000.0000	0.0000	29436.0000	7000.0000	0.0000	0.5591	45.0126	-0.0000	29419.5495	1.2592	0.0000	1.5043	0.0000
1.5000	487.1134	45.2072	453.2039	442.6454	0.0000	0.0042	952.9819	32471.5000	8000.0000	0.0000	29396.0000	7000.0000	0.0000	0.5917	45.0144	-0.0000	29371.4015	1.3306	0.0000	1.5892	0.0000
1.6000	495.5678	45.2313	488.6077	476.6548	0.0000	0.0043	951.2229	32436.5000	8000.0000	0.0000	29356.0000	7000.0000	0.0000	0.6234	45.0163	-0.0000	29322.4037	1.3997	0.0000	1.6721	0.0000
1.7000	503.9406	45.2560	524.6449	511.2199	0.0000	0.0043	949.4675	32401.5000	8000.0000	0.0000	29316.0000	7000.0000	0.0000	0.6543	45.0184	-0.0000	29272.5644	1.4667	0.0000	1.7531	0.0000
1.8000	512.2336	45.2811	561.3089	546.3358	0.0000	0.0044	947.7159	32366.5000	8000.0000	0.0000	29276.0000	7000.0000	0.0000	0.6845	45.0205	-0.0000	29221.8916	1.5317	0.0000	1.8248	0.0000
1.9000	520.4589	45.3066	598.5936	581.9981	0.0000	0.0045	945.9681	32331.5000	8000.0000	0.0000	29236.0000	7000.0000	0.0000	0.7141	45.0228	-0.0000	29170.3930	1.5946	0.0000	1.8858	0.0000
2.0000	528.6190	45.3324	636.4934	618.2030	0.0000	0.0045	944.2240	32296.5000	8000.0000	0.0000	29196.0000	7000.0000	0.0000	0.7429	45.0252	-0.0000	29118.0752	1.6556	0.0000	1.9438	0.0000
2.1000	536.7144	45.3586	675.0028	654.9468	0.0000	0.0046	942.4837	32261.5000	8000.0000	0.0000	29156.0000	7000.0000	0.0000	0.7710	45.0277	-0.0000	29064.9446	1.7147	0.0000	1.9992	0.0000
2.2000	544.7459	45.3850	714.1166	692.2257	0.0000	0.0046	940.7471	32226.5000	8000.0000	0.0000	29116.0000	7000.0000	0.0000	0.7984	45.0303	-0.0000	29011.0077	1.7719	0.0000	2.0520	0.0000
2.3000	552.7141	45.4117	753.8293	730.0362	0.0000	0.0047	939.0142	32191.5000	8000.0000	0.0000	29076.0000	7000.0000	0.0000	0.8251	45.0330	-0.0000	28956.2709	1.8273	0.0000	2.1024	0.0000
2.4000	560.6199	45.4385	794.1356	768.3748	0.0000	0.0047	937.2852	32156.5000	8000.0000	0.0000	29036.0000	7000.0000	0.0000	0.8511	45.0358	-0.0000	28900.7405	1.8810	0.0000	2.1504	0.0000
2.5000	568.4639	45.4655	835.0302	807.2378	0.0000	0.0047	935.5598	32121.5000	8000.0000	0.0000	28996.0000	7000.0000	0.0000	0.8764	45.0387	-0.0000	28844.4227	1.9331	0.0000	2.1962	0.0000
2.6000	576.2471	45.4927	876.5080	846.6219	0.0000	0.0047	933.8382	32086.5000	8000.0000	0.0000	28956.0000	7000.0000	0.0000	0.9011	45.0418	-0.0000	28787.3236	1.9834	0.0000	2.2398	0.0000
2.7000	583.9691	45.5198	918.5638	886.5236	0.0000	0.0048	932.1204	32051.5000	8000.0000	0.0000	28916.0000	7000.0000	0.0000	0.9250	45.0449	-0.0000	28729.4493	2.0322	0.0000	2.2813	0.0000
2.8000	591.6282	45.5471	961.1923	926.9394	0.0000	0.0048	930.4063	32016.5000	8000.0000	0.0000	28876.0000	7000.0000	0.0000	0.9483	45.0481	-0.0000	28670.8059	2.0795	0.0000	2.3208	0.0000
2.9000	599.2250	45.5744	1004.3883	967.8659	0.0000	0.0048	928.6960	31981.5000	8000.0000	0.0000	28836.0000	7000.0000	0.0000	0.9709	45.0514	-0.0000	28611.3997	2.1252	0.0000	2.3585	0.0000
3.0000	606.7604	45.6017	1048.1465	1009.2994	0.0000	0.0048	926.9894	31946.5000	8000.0000	0.0000	28796.0000	7000.0000	0.0000	0.9930	45.0548	-0.0000	28551.2369	2.1695	0.0000	2.3940	0.0000
3.1000	614.2705	44.3736	1092.4727	1051.2267	0.0000	-0.3975	925.2865	31911.5000	8000.0000	0.0000	28756.0000	7000.0000	0.0000	0.3482	12.4412	-0.0000	29952.8544	1.2037	0.0000	-18.5836	0.0000
3.2000	621.7693	41.7527	1137.3894	1093.6226	0.0000	-0.5002	923.5875	31876.5000	8000.0000	0.0000	28716.0000	7000.0000	0.0000	-0.7217	12.3959	-0.0000	29863.3173	-1.2701	0.0000	-14.3960	0.0000
3.3000	629.0554	38.8577	1182.9273	1136.4422	0.0000	-0.5023	921.8921	31841.5000	8000.0000	0.0000	28676.0000	7000.0000	0.0000	-1.9486	12.3498	-0.0000	29773.1034	-4.0268	0.0000	-14.4750	0.0000
3.4000	636.0114	36.0431	1229.1100	1179.6173	0.0000	-0.4751	920.2005	31806.5000	8000.0000	0.0000	28636.0000	7000.0000	0.0000	-3.1153	12.3030	-0.0000	29682.2036	-6.6651	0.0000	-15.6768	0.0000
3.5000	642.6498	33.4099	1275.9569	1223.0779	0.0000	-0.4401	918.5127	31771.5000	8000.0000	0.0000	28596.0000	7000.0000	0.0000	-4.1753	12.2556	-0.0000	29590.6143	-9.0758	0.0000	-17.0805	0.0000
3.6000	649.0802	30.9804	1323.4881	1266.7614	0.0000	-0.4045	916.8286	31736.5000	8000.0000	0.0000	28556.0000	7000.0000	0.0000	-5.1296	12.2077	-0.0000	29498.3305	-11.2375	0.0000	-18.4092	0.0000
3.7000	655.3124	28.7514	1371.7248	1310.6130	0.0000	-0.3705	915.1483	31701.5000	8000.0000	0.0000	28516.0000	7000.0000	0.0000	-5.9704	12.1595	-0.0000	29405.3430	-13.1577	0.0000	-19.5855	0.0000
3.8000	661.3436	26.7121	1420.6837	1354.5814	0.0000	-0.3386	913.4717	31666.5000	8000.0000	0.0000	28476.0000	7000.0000	0.0000	-6.7058	12.1111	-0.0000	29311.6463	-14.8528	0.0000	-20.5970	0.0000
3.9000	667.1771	24.8495	1470.3770	1398.6190	0.0000	-0.3090	911.7988	31631.5000	8000.0000	0.0000	28436.0000	7000.0000	0.0000	-7.3453	12.0625	-0.0000	29217.2379	-16.3406	0.0000	-21.4516	0.0000
4.0000	672.8206	23.1509	1520.8137	1442.6818	0.0000	-0.2816	910.1298	31596.5000	8000.0000	0.0000	28396.0000	7000.0000	0.0000	-7.8980	12.0139	-0.0000	29122.1183	-17.6388	0.0000	-22.1621	0.0000
4.1000	678.2848	21.6036	1571.9996	1486.7295	0.0000	-0.2563	908.4644	31561.5000	8000.0000	0.0000	28356.0000	7000.0000	0.0000	-8.3729	11.9652	-0.0000	29026.2897	-18.7638	0.0000	-22.7421	0.0000
4.2000	683.5824	20.1960	1623.9382	1530.7254	0.0000	-0.2330	906.8028	31526.5000	8000.0000	0.0000	28316.0000	7000.0000	0.0000	-8.7779	11.9167	-0.0000	28929.7559	-19.7312	0.0000	-23.2046	0.0000
4.3000	688.7275	18.9169	1676.6311	1574.6362	0.0000	-0.2116	905.1450	31491.5000	8000.0000	0.0000	28276.0000	7000.0000	0.0000	-9.1205	11.8682	-0.0000	28832.5217	-20.5552	0.0000	-23.5615	0.0000
4.4000	693.7346	17.7558	1730.0784	1618.4317	0.0000	-0.1920	903.4909	31456.5000	8000.0000	0.0000	28236.0000	7000.0000	0.0000	-9.4072	11.8200	-0.0000	28734.5929	-21.2490	0.0000	-23.8236	0.0000
4.5000	698.6182	16.7031	1784.2789	1662.0851	0.0000	-0.1739	901.8406	31421.5000	8000.0000	0.0000	28196.0000	7000.0000	0.0000	-9.6441	11.7721	-0.0000	28635.9754	-21.8247	0.0000	-24.0007	0.0000
4.6000	703.3927	15.7497	1839.2307	1705.5723	0.0000	-0.1574	900.1940	31386.5000	8000.0000	0.0000	28156.0000	7000.0000	0.0000	-9.8362	11.7244	-0.0000	28536.6757	-22.2937	0.0000	-24.1146	0.0000
4.7000	708.0721	14.8873	1894.9309	1748.8717	0.0000	-0.1423	898.5511	31351.5000	8000.0000	0.0000	28116.0000	7000.0000	0.0000	-9.9884	11.6771	-0.0000	28436.7002	-22.6662	0.0000	-24.1782	0.0000
4.8000	712.6693	14.1081	1951.3761	1791.9645	0.0000	-0.1285	896.9121	31316.5000	8000.0000	0.0000	28076.0000	7000.0000	0.0000	-10.1050	11.6301	-0.0000	28336.0555	-22.9515	0.0000	-24.1811	0.0000
4.9000	717.1967	13.4048	2008.5627	1834.8340	0.0000	-0.1159	895.2767	31281.5000	8000.0000	0.0000	28036.0000	7000.0000	0.0000	-10.1899	11.5836	-0.0000	28234.7478	-23.1584	0.0000	-24.1297	0.0000
5.0000	721.6654	12.7710	2066.4866	1877.4656	0.0000	-0.1044	893.6451	31246.5000	8000.0000	0.0000	27996.0000	7000.0000	0.0000	-10.2464	11.5374	-0.0000	28132.7834	-23.2948	0.0000	-24.0298	0.0000
5.1000	726.0859	12.2003	2125.1435	1919.8465	0.0000	-0.0939	892.0173	31211.5000	8000.0000	0.0000	27956.0000	7000.0000	0.0000	-10.2777	11.4918	-0.0000	28030.1683	-23.3679	0.0000	-23.8868	0.0000
5.2000	730.4674	11.6872	2184.5292	1961.9658	0.0000	-0.0844	890.3932	31176.5000	8000.0000	0.0000	27916.0000	7000.0000	0.0000	-10.2863	11.4466	-0.0000	27926.9081	-23.3846	0.0000	-23.7058	0.0000
5.3000	734.8184	11.2265	2244.6391	2003.8139	0.0000	-0.0757	888.7729	31141.5000	8000.0000	0.0000	27876.0000	7000.0000	0.0000	-10.2748	11.4020	-0.0000	27823.0085	-23.3507	0.0000	-23.4913	0.0000
5.4000	739.1464	10.8134	2305.4687	2045.3830	0.0000	-0.0678	887.1563	31106.5000	8000.0000	0.0000	27836.0000	7000.0000	0.0000	-10.2454	11.3578	-0.0000	27718.4747	-23.2719	0.0000	-23.2473	0.0000
5.5000	743.4579	10.4435	2367.0136	2086.6663	0.0000	-0.0607	885.5434	31071.5000	8000.0000	0.0000	27796.0000	7000.0000	0.0000	-10.1999	11.3142	-0.0000	27613.3115	-23.1533	0.0000	-22.9775	0.0000
5.6000	747.7587	10.1129	2429.2691	2127.6581	0.0000	-0.0542	883.9344	31036.5000	8000.0000	0.0000	27756.0000	7000.0000	0.0000	-10.1403	11.2712	-0.0000	27507.5239	-22.9993	0.0000	-22.6854	0.0000
5.7000	752.0539	9.8180	2492.2309	2168.3540	0.0000	-0.0483	882.3290	31001.5000	8000.0000	0.0000	27716.0000	7000.0000	0.0000	-10.0680	11.2287	-0.0000	27401.1164	-22.8141	0.0000	-22.3739	0.0000
5.8000	756.3478	9.5554	2555.8945	2208.7504	0.0000	-0.0429	880.7274	30966.5000	8000.0000	0.0000	27676.0000	7000.0000	0.0000	-9.9845	11.1868	-0.0000	27294.0932	-22.6015	0.0000	-22.0458	0.0000
5.9000	760.6440	9.3222	2620.2554	2248.8446	0.0000	-0.0381	879.1296	30931.5000	8000.0000	0.0000	27636.0000	7000.0000	0.0000	-9.8911	11.1455	-0.0000	27186.4585	-22.3649	0.0000	-21.7037	0.0000
6.0000	764.9456	9.1157	2685.3092	2288.6345	0.0000	-0.0337	877.5355	30896.5000	8000.0000	0.0000	27596.0000	7000.0000	0.0000	-9.7891	11.1047	-0.0000	27078.2162	-22.1074	0.0000	-21.3504	0.0000
6.1000	769.2550	8.9333	2751.0516	2328.1188	0.0000	-0.0297	875.9452	30861.5000	8000.0000	0.0000	27556.0000	7000.0000	0.0000	-9.6796	11.0645	-0.0000	26969.3701	-21.8318	0.0000	-20.9875	0.0000
6.2000	773.5743	8.7726	2817.4784	2367.2969	0.0000	-0.0261	874.3586	30826.5000	8000.0000	0.0000	27516.0000	7000.0000	0.0000	-9.5633	11.0250	-0.0000	26859.9239	-21.5406	0.0000	-20.6164	0.0000
6.3000	777.9051	8.6316	2884.5851	2406.1684	0.0000	-0.0228	872.7757	30791.5000	8000.0000	0.0000	27476.0000	7000.0000	0.0000	-9.4413	10.9860	-0.0000	26749.8809	-21.2362	0.0000	-20.2389	0.0000
6.4000	782.2485	8.5086	2952.3677	2444.7339	0.0000	-0.0199	871.1967	30756.5000	8000.0000	0.0000	27436.0000	7000.0000	0.0000	-9.3142	10.9476	-0.0000	26639.2448	-20.9205	0.0000	-19.8564	0.0000
6.5000	786.6056	8.4018	3020.8218	2482.9939	0.0000	-0.0172	869.6213	30721.5000	8000.0000	0.0000	27396.0000	7000.0000	0.0000	-9.1826	10.9099	-0.0000	26528.0186	-20.5954	0.0000	-19.4703	0.0000
6.6000	790.9768	8.3097	3089.9433	2520.9496	0.0000	-0.0147	868.0497	30686.5000	8000.0000	0.0000	27356.0000	7000.0000	0.0000	-9.0474	10.8727	-0.0000	26416.2056	-20.2625	0.0000	-19.0818	0.0000
6.7000	795.3626	8.2311	3159.7281	2558.6025	0.0000	-0.0125	866.4819	30651.5000	8000.0000	0.0000	27316.0000	7000.0000	0.0000	-8.9090	10.8362	-0.0000	26303.8090	-19.9232	0.0000	-18.6918	0.0000
6.8000	799.7630	8.1646	3230.1720	2595.9544	0.0000	-0.0105	864.9178	30616.5000	8000.0000	0.0000	27276.0000	7000.0000	0.0000	-8.7678	10.8002	-0.0000	26190.8317	-19.5788	0.0000	-18.3014	0.0000
6.9000	804.1779	8.1092	3301.2709	2633.0074	0.0000	-0.0087	863.3575	30581.5000	8000.0000	0.0000	27236.0000	7000.0000	0.0000	-8.6245	10.7649	-0.0000	26077.2768	-19.2305	0.0000	-17.9112	0.0000
7.0000	808.6071	8.0640	3373.0208	2669.7637	0.0000	-0.0070	861.8009	30546.5000	8000.0000	0.0000	27196.0000	7000.0000	0.0000	-8.4794	10.7301	-0.0000	25963.1472	-18.8792	0.0000	-17.5221	0.0000
7.1000	813.0501	8.0279	3445.4175	2706.2260	0.0000	-0.0055	860.2480	30511.5000	8000.0000	0.0000	27156.0000	7000.0000	0.0000	-8.3329	10.6960	-0.0000	25848.4459	-18.5259	0.0000	-17.1347	0.0000
7.2000	817.5064	8.0003	3518.4571	2742.3969	0.0000	-0.0041	858.6990	30476.5000	8000.0000	0.0000	27116.0000	7000.0000	0.0000	-8.1852	10.6624	-0.0000	25733.1756	-18.1715	0.0000	-16.7495	0.0000
7.3000	821.9754	7.9803	3592.1354	2778.2793	0.0000	-0.0028	857.1536	30441.5000	8000.0000	0.0000	27076.0000	7000.0000	0.0000	-8.0368	10.6295	-0.0000	25617.3393	-17.8166	0.0000	-16.3670	0.0000
7.4000	826.4564	7.9673	3666.4485	2813.8763	0.0000	-0.0016	855.6120	30406.5000	8000.0000	0.0000	27036.0000	7000.0000	0.0000	-7.8872	10.5971	-0.0000	25500.9398	-17.4618	0.0000	-15.9743	0.0000
7.5000	830.9488	7.9607	3741.3924	2849.1912	0.0000	-0.0006	854.0742	30371.5000	8000.0000	0.0000	26996.0000	7000.0000	0.0000	-7.7370	10.5654	-0.0000	25383.9798	-17.1078	0.0000	-15.5754	0.0000
7.6000	835.4519	7.9600	3816.9629	2884.2274	0.0000	0.0004	852.5401	30336.5000	8000.0000	0.0000	26956.0000	7000.0000	0.0000	-7.5867	10.5342	-0.0000	25266.4622	-16.7551	0.0000	-15.1814	0.0000
7.7000	839.9646	7.9647	3893.1561	2918.9885	0.0000	0.0013	851.0098	30301.5000	8000.0000	0.0000	26916.0000	7000.0000	0.0000	-7.4366	10.5036	-0.0000	25148.3897	-16.4042	0.0000	-14.7925	0.0000
7.8000	844.4860	7.9744	3969.9680	2953.4780	0.0000	0.0021	849.4832	30266.5000	8000.0000	0.0000	26876.0000	7000.0000	0.0000	-7.2869	10.4736	-0.0000	25029.7651	-16.0553	0.0000	-14.4089	0.0000
7.9000	849.0151	7.9886	4047.3946	2987.6997	0.0000	0.0029	847.9603	30231.5000	8000.0000	0.0000	26836.0000	7000.0000	0.0000	-7.1377	10.4441	-0.0000	24910.5911	-15.7089	0.0000	-14.0308	0.0000
8.0000	853.5508	8.0069	4125.4319	3021.6572	0.0000	0.0036	846.4413	30196.5000	8000.0000	0.0000	26796.0000	7000.0000	0.0000	-6.9893	10.4153	-0.0000	24790.8706	-15.3653	0.0000	-13.6585	0.0000
8.1000	858.0922	8.0291	4204.0759	3055.3546	0.0000	0.0042	844.9259	30161.5000	8000.0000	0.0000	26756.0000	7000.0000	0.0000	-6.8416	10.3870	-0.0000	24670.6062	-15.0246	0.0000	-13.2920	0.0000
8.2000	862.6383	8.0549	4283.3227	3088.7956	0.0000	0.0048	843.4143	30126.5000	8000.0000	0.0000	26716.0000	7000.0000	0.0000	-6.6949	10.3593	-0.0000	24549.8008	-14.6872	0.0000	-12.9314	0.0000
8.3000	867.1880	8.0838	4363.1682	3121.9842	0.0000	0.0054	841.9065	30091.5000	8000.0000	0.0000	26676.0000	7000.0000	0.0000	-6.5492	10.3321	-0.0000	24428.4570	-14.3532	0.0000	-12.5769	0.0000
8.4000	871.7402	8.1158	4443.6086	3154.9243	0.0000	0.0059	840.4024	30056.5000	8000.0000	0.0000	26636.0000	7000.0000	0.0000	-6.4047	10.3055	-0.0000	24306.5777	-14.0227	0.0000	-12.2284	0.0000
8.5000	876.2941	8.1506	4524.6398	3187.6199	0.0000	0.0063	838.9021	30021.5000	8000.0000	0.0000	26596.0000	7000.0000	0.0000	-6.2613	10.2794	-0.0000	24184.1657	-13.6959	0.0000	-11.8861	0.0000
8.6000	880.8486	8.1880	4606.2579	3220.0751	0.0000	0.0068	837.4055	29986.5000	8000.0000	0.0000	26556.0000	7000.0000	0.0000	-6.1192	10.2539	-0.0000	24061.2236	-13.3729	0.0000	-11.5498	0.0000
8.7000	885.4027	8.2278	4688.4591	3252.2938	0.0000	0.0072	835.9126	29951.5000	8000.0000	0.0000	26516.0000	7000.0000	0.0000	-5.9784	10.2290	-0.0000	23937.7542	-13.0538	0.0000	-11.2197	0.0000
8.8000	889.9555	8.2698	4771.2393	3284.2801	0.0000	0.0075	834.4236	29916.5000	8000.0000	0.0000	26476.0000	7000.0000	0.0000	-5.8390	10.2045	-0.0000	23813.7604	-12.7386	0.0000	-10.8958	0.0000
8.9000	894.5061	8.3140	4854.5947	3316.0380	0.0000	0.0079	832.9382	29881.5000	8000.0000	0.0000	26436.0000	7000.0000	0.0000	-5.7009	10.1806	-0.0000	23689.2449	-12.4275	0.0000	-10.5779	0.0000
9.0000	899.0535	8.3600	4938.5213	3347.5717	0.0000	0.0082	831.4566	29846.5000	8000.0000	0.0000	26396.0000	7000.0000	0.0000	-5.5644	10.1573	-0.0000	23564.2106	-12.1204	0.0000	-10.2662	0.0000
9.1000	903.5970	8.4079	5023.0153	3378.8852	0.0000	0.0085	829.9788	29811.5000	8000.0000	0.0000	26356.0000	7000.0000	0.0000	-5.4293	10.1345	-0.0000	23438.6600	-11.8174	0.0000	-9.9604	0.0000
9.2000	908.1355	8.4575	5108.0728	3409.9826	0.0000	0.0088	828.5047	29776.5000	8000.0000	0.0000	26316.0000	7000.0000	0.0000	-5.2957	10.1121	-0.0000	23312.5962	-11.5184	0.0000	-9.6607	0.0000
9.3000	912.6683	8.5087	5193.6899	3440.8679	0.0000	0.0091	827.0344	29741.5000	8000.0000	0.0000	26276.0000	7000.0000	0.0000	-5.1636	10.0903	-0.0000	23186.0218	-11.2236	0.0000	-9.3668	0.0000
9.4000	917.1947	8.5615	5279.8628	3471.5451	0.0000	0.0093	825.5678	29706.5000	8000.0000	0.0000	26236.0000	7000.0000	0.0000	-5.0331	10.0691	-0.0000	23058.9397	-10.9328	0.0000	-9.0789	0.0000
9.5000	921.7137	8.6156	5366.5875	3502.0184	0.0000	0.0096	824.1049	29671.5000	8000.0000	0.0000	26196.0000	7000.0000	0.0000	-4.9041	10.0483	-0.0000	22931.3526	-10.6462	0.0000	-8.7968	0.0000
9.6000	926.2247	8.6710	5453.8603	3532.2918	0.0000	0.0098	822.6459	29636.5000	8000.0000	0.0000	26156.0000	7000.0000	0.0000	-4.7767	10.0280	-0.0000	22803.2634	-10.3636	0.0000	-8.5204	0.0000
9.7000	930.7270	8.7277	5541.6774	3562.3693	0.0000	0.0100	821.1905	29601.5000	8000.0000	0.0000	26116.0000	7000.0000	0.0000	-4.6509	10.0082	-0.0000	22674.6748	-10.0851	0.0000	-8.2496	0.0000
9.8000	935.2199	8.7856	5630.0350	3592.2549	0.0000	0.0102	819.7389	29566.5000	8000.0000	0.0000	26076.0000	7000.0000	0.0000	-4.5267	9.9890	-0.0000	22545.5897	-9.8106	0.0000	-7.9845	0.0000
9.9000	939.7026	8.8446	5718.9292	3621.9527	0.0000	0.0104	818.2911	29531.5000	8000.0000	0.0000	26036.0000	7000.0000	0.0000	-4.4040	9.9702	-0.0000	22416.0108	-9.5401	0.0000	-7.7249	0.0000
10.0000	944.1746	8.9046	5808.3563	3651.4666	0.0000	0.0106	816.8470	29496.5000	8000.0000	0.0000	25996.0000	7000.0000	0.0000	-4.2829	9.9519	-0.0000	22285.9409	-9.2736	0.0000	-7.4706	0.0000
10.1000	948.6353	8.9656	5898.3126	3680.8007	0.0000	0.0107	815.4067	29461.5000	8000.0000	0.0000	25956.0000	7000.0000	0.0000	-4.1634	9.9341	-0.0000	22155.3829	-9.0110	0.0000	-7.2218	0.0000
10.2000	953.0840	9.0275	5988.7942	3709.9588	0.0000	0.0109	813.9701	29426.5000	8000.0000	0.0000	25916.0000	7000.0000	0.0000	-4.0455	9.9167	-0.0000	22024.3395	-8.7524	0.0000	-6.9782	0.0000
10.3000	957.5203	9.0904	6079.7975	3738.9449	0.0000	0.0110	812.5372	29391.5000	8000.0000	0.0000	25876.0000	7000.0000	0.0000	-3.9292	9.8998	-0.0000	21892.8135	-8.4976	0.0000	-6.7398	0.0000
10.4000	961.9436	9.1540	6171.3188	3767.7629	0.0000	0.0112	811.1082	29356.5000	8000.0000	0.0000	25836.0000	7000.0000	0.0000	-3.8144	9.8834	-0.0000	21760.8077	-8.2466	0.0000	-6.5064	0.0000
10.5000	966.3533	9.2184	6263.3543	3796.4167	0.0000	0.0113	809.6828	29321.5000	8000.0000	0.0000	25796.0000	7000.0000	0.0000	-3.7012	9.8675	-0.0000	21628.3248	-7.9993	0.0000	-6.2781	0.0000
10.6000	970.7632	9.2836	6355.9009	3824.9103	0.0000	0.0114	808.2612	29286.5000	8000.0000	0.0000	25756.0000	7000.0000	0.0000	-3.5931	9.8520	-0.0000	21495.3675	-7.7558	0.0000	-6.0546	0.0000
10.7000	975.1845	9.3495	6448.9570	3853.2478	0.0000	0.0116	806.8434	29251.5000	8000.0000	0.0000	25716.0000	7000.0000	0.0000	-3.4862	9.8370	-0.0000	21361.9363	-7.5157	0.0000	-5.8356	0.0000
10.8000	979.6062	9.4159	6542.5214	3881.4334	0.0000	0.0116	805.4293	29216.5000	8000.0000	0.0000	25676.0000	7000.0000	0.0000	-3.3823	9.8224	-0.0000	21228.0316	-7.2791	0.0000	-5.6487	0.0000
10.9000	984.0125	9.4819	6636.5910	3909.4707	0.0000	0.0115	804.0190	29181.5000	8000.0000	0.0000	25636.0000	7000.0000	0.0000	-3.2802	9.8082	-0.0000	21093.6553	-7.0468	0.0000	-5.4670	0.0000
11.0000	988.4024	9.5472	6731.1625	3937.3629	0.0000	0.0113	802.6124	29146.5000	8000.0000	0.0000	25596.0000	7000.0000	0.0000	-3.1797	9.7945	-0.0000	20958.8102	-6.8191	0.0000	-5.2871	0.0000
11.1000	992.7751	9.6120	6826.2324	3965.1132	0.0000	0.0113	801.2095	29111.5000	8000.0000	0.0000	25556.0000	7000.0000	0.0000	-3.0808	9.7813	-0.0000	20823.4991	-6.5957	0.0000	-5.1099	0.0000
11.2000	997.1300	9.6765	6921.7970	3992.7249	0.0000	0.0112	799.8105	29076.5000	8000.0000	0.0000	25516.0000	7000.0000	0.0000	-2.9833	9.7685	-0.0000	20687.7247	-6.3763	0.0000	-4.9353	0.0000
11.3000	1001.4664	9.7409	7017.8528	4020.2011	0.0000	0.0113	798.4151	29041.5000	8000.0000	0.0000	25476.0000	7000.0000	0.0000	-2.8872	9.7561	-0.0000	20551.4899	-6.1608	0.0000	-4.7633	0.0000
11.4000	1005.7837	9.8055	7114.3962	4047.5451	0.0000	0.0113	797.0235	29006.5000	8000.0000	0.0000	25436.0000	7000.0000	0.0000	-2.7923	9.7442	-0.0000	20414.7976	-5.9486	0.0000	-4.5938	0.0000
11.5000	1010.0815	9.8705	7211.4237	4074.7599	0.0000	0.0114	795.6357	28971.5000	8000.0000	0.0000	25396.0000	7000.0000	0.0000	-2.6985	9.7326	-0.0000	20277.6506	-5.7396	0.0000	-4.4267	0.0000
11.6000	1014.3593	9.9360	7308.9316	4101.8488	0.0000	0.0115	794.2516	28936.5000	8000.0000	0.0000	25356.0000	7000.0000	0.0000	-2.6057	9.7216	-0.0000	20140.0519	-5.5336	0.0000	-4.2617	0.0000
11.7000	1018.6167	10.0022	7406.9163	4128.8149	0.0000	0.0116	792.8713	28901.5000	8000.0000	0.0000	25316.0000	7000.0000	0.0000	-2.5138	9.7109	-0.0000	20002.0043	-5.3303	0.0000	-4.0988	0.0000
11.8000	1022.8533	10.0693	7505.3743	4155.6613	0.0000	0.0118	791.4947	28866.5000	8000.0000	0.0000	25276.0000	7000.0000	0.0000	-2.4228	9.7007	-0.0000	19863.5108	-5.1296	0.0000	-3.9378	0.0000
11.9000	1027.0685	10.1372	7604.3019	4182.3912	0.0000	0.0120	790.1218	28831.5000	8000.0000	0.0000	25236.0000	7000.0000	0.0000	-2.3326	9.6909	-0.0000	19724.5744	-4.9313	0.0000	-3.7788	0.0000
12.0000	1031.2602	10.2062	7703.6955	4209.0077	0.0000	0.0121	788.7528	28796.5000	8000.0000	0.0000	25196.0000	7000.0000	0.0000	-2.2429	9.6815	-0.0000	19585.1980	-4.7354	0.0000	-3.6215	0.0000
12.1000	1035.4275	10.2761	7803.5511	4235.5141	0.0000	0.0123	787.3874	28761.5000	8000.0000	0.0000	25156.0000	7000.0000	0.0000	-2.1541	9.6725	-0.0000	19445.3848	-4.5416	0.0000	-3.4660	0.0000
12.2000	1039.5703	10.3472	7903.8649	4261.9134	0.0000	0.0125	786.0258	28726.5000	8000.0000	0.0000	25116.0000	7000.0000	0.0000	-2.0659	9.6639	-0.0000	19305.1381	-4.3500	0.0000	-3.3123	0.0000
12.3000	1043.6883	10.4194	8004.6330	4288.2088	0.0000	0.0127	784.6680	28691.5000	8000.0000	0.0000	25076.0000	7000.0000	0.0000	-1.9784	9.6557	-0.0000	19164.4610	-4.1605	0.0000	-3.1601	0.0000
12.4000	1047.7813	10.4927	8105.8517	4314.4034	0.0000	0.0129	783.3139	28656.5000	8000.0000	0.0000	25036.0000	7000.0000	0.0000	-1.8916	9.6480	-0.0000	19023.3567	-3.9729	0.0000	-3.0097	0.0000
12.5000	1051.8490	10.5672	8207.5169	4340.5006	0.0000	0.0131	781.9636	28621.5000	8000.0000	0.0000	24996.0000	7000.0000	0.0000	-1.8055	9.6406	-0.0000	18881.8285	-3.7874	0.0000	-2.8608	0.0000
12.6000	1055.8913	10.6428	8309.6250	4366.5034	0.0000	0.0133	780.6170	28586.5000	8000.0000	0.0000	24956.0000	7000.0000	0.0000	-1.7200	9.6337	-0.0000	18739.8794	-3.6037	0.0000	-2.7135	0.0000
12.7000	1059.9080	10.7195	8412.1720	4392.4152	0.0000	0.0135	779.2741	28551.5000	8000.0000	0.0000	24916.0000	7000.0000	0.0000	-1.6351	9.6271	-0.0000	18597.5128	-3.4219	0.0000	-2.5678	0.0000
12.8000	1063.8988	10.7974	8515.1542	4418.2390	0.0000	0.0137	777.9351	28516.5000	8000.0000	0.0000	24876.0000	7000.0000	0.0000	-1.5509	9.6210	-0.0000	18454.7318	-3.2420	0.0000	-2.4236	0.0000
12.9000	1067.8642	10.8763	8618.5676	4443.9783	0.0000	0.0139	776.5997	28481.5000	8000.0000	0.0000	24836.0000	7000.0000	0.0000	-1.4675	9.6152	-0.0000	18311.5396	-3.0640	0.0000	-2.2810	0.0000
13.0000	1071.8151	10.9563	8722.4089	4469.6362	0.0000	0.0141	775.2681	28446.5000	8000.0000	0.0000	24796.0000	7000.0000	0.0000	-1.3854	9.6099	-0.0000	18167.9390	-2.8878	0.0000	-2.1400	0.0000
13.1000	1075.7557	11.0373	8826.6758	4495.2164	0.0000	0.0142	773.9403	28411.5000	8000.0000	0.0000	24756.0000	7000.0000	0.0000	-1.3039	9.6049	-0.0000	18023.9318	-2.7134	0.0000	-2.0005	0.0000
13.2000	1079.6857	11.1194	8931.3661	4520.7225	0.0000	0.0144	772.6162	28376.5000	8000.0000	0.0000	24716.0000	7000.0000	0.0000	-1.2229	9.6003	-0.0000	17879.5196	-2.5408	0.0000	-1.8626	0.0000
13.3000	1083.6047	11.2023	9036.4773	4546.1580	0.0000	0.0146	771.2959	28341.5000	8000.0000	0.0000	24676.0000	7000.0000	0.0000	-1.1424	9.5960	-0.0000	17734.7039	-2.3700	0.0000	-1.7263	0.0000
13.4000	1087.5126	11.2861	9142.0074	4571.5265	0.0000	0.0147	769.9793	28306.5000	8000.0000	0.0000	24636.0000	7000.0000	0.0000	-1.0626	9.5922	-0.0000	17589.4864	-2.2012	0.0000	-1.5916	0.0000
13.5000	1091.4090	11.3708	9247.9539	4596.8316	0.0000	0.0148	768.6664	28271.5000	8000.0000	0.0000	24596.0000	7000.0000	0.0000	-0.9834	9.5887	-0.0000	17443.8687	-2.0342	0.0000	-1.4585	0.0000
13.6000	1095.2841	11.4562	9354.3145	4622.0769	0.0000	0.0150	767.3574	28236.5000	8000.0000	0.0000	24556.0000	7000.0000	0.0000	-0.9042	9.5856	-0.0000	17297.8525	-1.8692	0.0000	-1.3270	0.0000
13.7000	1099.1213	11.5423	9461.0849	4647.2656	0.0000	0.0151	766.0520	28201.5000	8000.0000	0.0000	24516.0000	7000.0000	0.0000	-0.8255	9.5828	-0.0000	17151.4412	-1.7061	0.0000	-1.1971	0.0000
13.8000	1102.9203	11.6292	9568.2604	4672.4008	0.0000	0.0152	764.7504	28166.5000	8000.0000	0.0000	24476.0000	7000.0000	0.0000	-0.7477	9.5804	-0.0000	17004.6391	-1.5450	0.0000	-1.0688	0.0000
13.9000	1106.6809	11.7167	9675.8360	4697.4856	0.0000	0.0153	763.4526	28131.5000	8000.0000	0.0000	24436.0000	7000.0000	0.0000	-0.6707	9.5784	-0.0000	16857.4504	-1.3859	0.0000	-0.9422	0.0000
14.0000	1110.4034	11.8048	9783.8070	4722.5229	0.0000	0.0154	762.1585	28096.5000	8000.0000	0.0000	24396.0000	7000.0000	0.0000	-0.5945	9.5767	-0.0000	16709.8794	-1.2288	0.0000	-0.8172	0.0000
14.1000	1114.0875	11.8934	9892.1685	4747.5160	0.0000	0.0155	760.8682	28061.5000	8000.0000	0.0000	24356.0000	7000.0000	0.0000	-0.5192	9.5753	-0.0000	16561.9301	-1.0736	0.0000	-0.6939	0.0000
14.2000	1117.7335	11.9827	10000.9158	4772.4677	0.0000	0.0156	759.5816	28026.5000	8000.0000	0.0000	24316.0000	7000.0000	0.0000	-0.4448	9.5743	-0.0000	16413.6070	-0.9204	0.0000	-0.5727	0.0000
14.3000	1121.3412	12.0724	10110.0440	4797.3813	0.0000	0.0157	758.2987	27991.5000	8000.0000	0.0000	24276.0000	7000.0000	0.0000	-0.3713	9.5737	-0.0000	16264.9141	-0.7691	0.0000	-0.4533	0.0000
14.4000	1124.9108	12.1628	10219.5486	4822.2596	0.0000	0.0158	757.0197	27956.5000	8000.0000	0.0000	24236.0000	7000.0000	0.0000	-0.2985	9.5733	-0.0000	16115.8556	-0.6196	0.0000	-0.3351	0.0000
14.5000	1128.4423	12.2537	10329.4247	4847.1057	0.0000	0.0159	755.7443	27921.5000	8000.0000	0.0000	24196.0000	7000.0000	0.0000	-0.2265	9.5733	-0.0000	15966.4357	-0.4720	0.0000	-0.2181	0.0000
14.6000	1131.9358	12.3450	10439.6677	4871.9227	0.0000	0.0160	754.4727	27886.5000	8000.0000	0.0000	24156.0000	7000.0000	0.0000	-0.1553	9.5737	-0.0000	15816.6584	-0.3263	0.0000	-0.1022	0.0000
14.7000	1135.3912	12.4368	10550.2729	4896.7134	0.0000	0.0161	753.2049	27851.5000	8000.0000	0.0000	24116.0000	7000.0000	0.0000	-0.0849	9.5743	-0.0000	15666.5280	-0.1825	0.0000	0.0125	0.0000
14.8000	1138.8088	12.5290	10661.2356	4921.4810	0.0000	0.0161	751.9408	27816.5000	8000.0000	0.0000	24076.0000	7000.0000	0.0000	-0.0153	9.5753	-0.0000	15516.0485	-0.0405	0.0000	0.1260	0.0000
14.9000	1142.1841	12.6215	10772.5510	4946.2283	0.0000	0.0161	750.6805	27781.5000	8000.0000	0.0000	24036.0000	7000.0000	0.0000	0.0534	9.5766	-0.0000	15365.2240	0.0994	0.0000	0.2371	0.0000
15.0000	1145.5064	12.7140	10884.2137	4970.9581	0.0000	0.0161	749.4239	27746.5000	8000.0000	0.0000	23996.0000	7000.0000	0.0000	0.1210	9.5782	-0.0000	15214.0595	0.2373	0.0000	0.3463	0.0000
15.1000	1148.7758	12.8064	10996.2175	4995.6730	0.0000	0.0161	748.1710	27711.5000	8000.0000	0.0000	23956.0000	7000.0000	0.0000	0.1874	9.5801	-0.0000	15062.5607	0.3729	0.0000	0.4535	0.0000
15.2000	1151.9927	12.8988	11108.5564	5020.3755	0.0000	0.0161	746.9220	27676.5000	8000.0000	0.0000	23916.0000	7000.0000	0.0000	0.2526	9.5823	-0.0000	14910.7329	0.5063	0.0000	0.5586	0.0000
15.3000	1155.1574	12.9910	11221.2244	5045.0681	0.0000	0.0161	745.6766	27641.5000	8000.0000	0.0000	23876.0000	7000.0000	0.0000	0.3167	9.5848	-0.0000	14758.5817	0.6374	0.0000	0.6616	0.0000
15.4000	1158.2704	13.0830	11334.2156	5069.7534	0.0000	0.0161	744.4350	27606.5000	8000.0000	0.0000	23836.0000	7000.0000	0.0000	0.3797	9.5876	-0.0000	14606.1126	0.7664	0.0000	0.7626	0.0000
15.5000	1161.3320	13.1749	11447.5241	5094.4337	0.0000	0.0160	743.1972	27571.5000	8000.0000	0.0000	23796.0000	7000.0000	0.0000	0.4415	9.5906	-0.0000	14453.3310	0.8933	0.0000	0.8616	0.0000
15.6000	1164.3427	13.2666	11561.1441	5119.1115	0.0000	0.0160	741.9631	27536.5000	8000.0000	0.0000	23756.0000	7000.0000	0.0000	0.5022	9.5940	-0.0000	14300.2420	1.0181	0.0000	0.9589	0.0000
15.7000	1167.3030	13.3583	11675.0699	5143.7892	0.0000	0.0160	740.7328	27501.5000	8000.0000	0.0000	23716.0000	7000.0000	0.0000	0.5620	9.5976	-0.0000	14146.8512	1.1408	0.0000	1.0560	0.0000
15.8000	1170.2132	13.4499	11789.2958	5168.4691	0.0000	0.0160	739.5062	27466.5000	8000.0000	0.0000	23676.0000	7000.0000	0.0000	0.6209	9.6016	-0.0000	13993.1636	1.2617	0.0000	1.1513	0.0000
15.9000	1173.0739	13.5415	11903.8161	5193.1535	0.0000	0.0160	738.2833	27431.5000	8000.0000	0.0000	23636.0000	7000.0000	0.0000	0.6787	9.6058	-0.0000	13839.1845	1.3807	0.0000	1.2451	0.0000
16.0000	1175.8853	13.6330	12018.6254	5217.8447	0.0000	0.0160	737.0643	27396.5000	8000.0000	0.0000	23596.0000	7000.0000	0.0000	0.7356	9.6102	-0.0000	13684.9190	1.4980	0.0000	1.3373	0.0000
16.1000	1178.6481	13.7245	12133.7180	5242.5450	0.0000	0.0160	735.8489	27361.5000	8000.0000	0.0000	23556.0000	7000.0000	0.0000	0.7915	9.6150	-0.0000	13530.3722	1.6133	0.0000	1.4280	0.0000
16.2000	1181.3627	13.8159	12249.0885	5267.2566	0.0000	0.0159	734.6373	27326.5000	8000.0000	0.0000	23516.0000	7000.0000	0.0000	0.8464	9.6200	-0.0000	13375.5491	1.7269	0.0000	1.5172	0.0000
16.3000	1184.0294	13.9071	12364.7315	5291.9817	0.0000	0.0159	733.4295	27291.5000	8000.0000	0.0000	23476.0000	7000.0000	0.0000	0.9004	9.6252	-0.0000	13220.4546	1.8386	0.0000	1.6050	0.0000
16.4000	1186.6489	13.9982	12480.6417	5316.7225	0.0000	0.0159	732.2254	27256.5000	8000.0000	0.0000	23436.0000	7000.0000	0.0000	0.9534	9.6307	-0.0000	13065.0938	1.9485	0.0000	1.6912	0.0000
16.5000	1189.2184	14.0890	12596.8137	5341.4812	0.0000	0.0158	731.0251	27221.5000	8000.0000	0.0000	23396.0000	7000.0000	0.0000	1.0051	9.6365	-0.0000	12909.4714	2.0566	0.0000	1.7760	0.0000
16.6000	1191.7238	14.1796	12713.2413	5366.2595	0.0000	0.0158	729.8285	27186.5000	8000.0000	0.0000	23356.0000	7000.0000	0.0000	1.0554	9.6425	-0.0000	12753.5933	2.1630	0.0000	1.8595	0.0000
16.7000	1194.1645	14.2700	12829.9176	5391.0591	0.0000	0.0158	728.6356	27151.5000	8000.0000	0.0000	23316.0000	7000.0000	0.0000	1.1047	9.6487	-0.0000	12597.4659	2.2676	0.0000	1.9417	0.0000
16.8000	1196.5414	14.3602	12946.8356	5415.8815	0.0000	0.0157	727.4466	27116.5000	8000.0000	0.0000	23276.0000	7000.0000	0.0000	1.1530	9.6552	-0.0000	12441.0959	2.3705	0.0000	2.0226	0.0000
16.9000	1198.8553	14.4502	13063.9885	5440.7283	0.0000	0.0157	726.2612	27081.5000	8000.0000	0.0000	23236.0000	7000.0000	0.0000	1.2003	9.6619	-0.0000	12284.4898	2.4718	0.0000	2.1022	0.0000
17.0000	1201.1073	14.5400	13181.3696	5465.6010	0.0000	0.0157	725.0796	27046.5000	8000.0000	0.0000	23196.0000	7000.0000	0.0000	1.2467	9.6689	-0.0000	12127.6539	2.5715	0.0000	2.1806	0.0000
17.1000	1203.2982	14.6296	13298.9722	5490.5010	0.0000	0.0156	723.9018	27011.5000	8000.0000	0.0000	23156.0000	7000.0000	0.0000	1.2922	9.6761	-0.0000	11970.5945	2.6697	0.0000	2.2579	0.0000
17.2000	1205.4290	14.7191	13416.7900	5515.4298	0.0000	0.0156	722.7277	26976.5000	8000.0000	0.0000	23116.0000	7000.0000	0.0000	1.3368	9.6835	-0.0000	11813.3179	2.7664	0.0000	2.3339	0.0000
17.3000	1207.5006	14.8084	13534.8164	5540.3888	0.0000	0.0156	721.5574	26941.5000	8000.0000	0.0000	23076.0000	7000.0000	0.0000	1.3805	9.6911	-0.0000	11655.8301	2.8616	0.0000	2.4088	0.0000
17.4000	1209.5139	14.8976	13653.0452	5565.3795	0.0000	0.0156	720.3908	26906.5000	8000.0000	0.0000	23036.0000	7000.0000	0.0000	1.4233	9.6990	-0.0000	11498.1371	2.9554	0.0000	2.4827	0.0000
17.5000	1211.4699	14.9867	13771.4702	5590.4031	0.0000	0.0155	719.2279	26871.5000	8000.0000	0.0000	22996.0000	7000.0000	0.0000	1.4653	9.7071	-0.0000	11340.2448	3.0479	0.0000	2.5555	0.0000
17.6000	1213.3705	15.0757	13890.0852	5615.4610	0.0000	0.0155	718.0689	26836.5000	8000.0000	0.0000	22956.0000	7000.0000	0.0000	1.5068	9.7154	-0.0000	11182.1591	3.1391	0.0000	2.6272	0.0000
17.7000	1215.2242	15.1645	14008.8848	5640.5546	0.0000	0.0155	716.9135	26801.5000	8000.0000	0.0000	22916.0000	7000.0000	0.0000	1.5478	9.7240	-0.0000	11023.8852	3.2289	0.0000	2.6979	0.0000
17.8000	1217.0330	15.2533	14127.8638	5665.6856	0.0000	0.0155	715.7619	26766.5000	8000.0000	0.0000	22876.0000	7000.0000	0.0000	1.5880	9.7327	-0.0000	10865.4279	3.3174	0.0000	2.7675	0.0000
17.9000	1218.7975	15.3420	14247.0175	5690.8553	0.0000	0.0155	714.6141	26731.5000	8000.0000	0.0000	22836.0000	7000.0000	0.0000	1.6274	9.7417	-0.0000	10706.7917	3.4047	0.0000	2.8361	0.0000
18.0000	1220.5185	15.4305	14366.3410	5716.0653	0.0000	0.0154	713.4700	26696.5000	8000.0000	0.0000	22796.0000	7000.0000	0.0000	1.6661	9.7509	-0.0000	10547.9811	3.4907	0.0000	2.9037	0.0000
18.1000	1222.1965	15.5189	14485.8296	5741.3170	0.0000	0.0154	712.3297	26661.5000	8000.0000	0.0000	22756.0000	7000.0000	0.0000	1.7041	9.7603	-0.0000	10389.0007	3.5755	0.0000	2.9703	0.0000
18.2000	1223.8323	15.6071	14605.4786	5766.6120	0.0000	0.0154	711.1931	26626.5000	8000.0000	0.0000	22716.0000	7000.0000	0.0000	1.7413	9.7699	-0.0000	10229.8546	3.6590	0.0000	3.0360	0.0000
18.3000	1225.4263	15.6952	14725.2835	5791.9515	0.0000	0.0154	710.0602	26591.5000	8000.0000	0.0000	22676.0000	7000.0000	0.0000	1.7778	9.7797	-0.0000	10070.5472	3.7413	0.0000	3.1007	0.0000
18.4000	1226.9906	15.5765	14845.2405	5817.3344	0.0000	-0.1101	708.9312	26556.5000	8000.0000	0.0000	22636.0000	7000.0000	0.0000	1.6158	8.6326	-0.0000	7896.2172	3.6833	0.0000	-1.0839	0.0000
18.5000	1228.6143	14.7152	14965.3523	5842.7483	0.0000	-0.1787	707.8058	26521.5000	8000.0000	0.0000	22596.0000	7000.0000	0.0000	1.2982	8.6245	-0.0000	7734.1208	2.8716	0.0000	0.1513	0.0000
18.6000	1230.4479	13.6751	15085.6354	5868.1790	0.0000	-0.1784	706.6842	26486.5000	8000.0000	0.0000	22556.0000	7000.0000	0.0000	0.8437	8.6161	-0.0000	7571.8550	1.8475	0.0000	0.1405	0.0000
18.7000	1232.3925	12.7034	15206.1137	5893.6050	0.0000	-0.1571	705.5664	26451.5000	8000.0000	0.0000	22516.0000	7000.0000	0.0000	0.3988	8.6076	-0.0000	7409.3985	0.8910	0.0000	-0.2045	0.0000
18.8000	1234.3686	11.8687	15326.7985	5919.0010	0.0000	-0.1316	704.4523	26416.5000	8000.0000	0.0000	22476.0000	7000.0000	0.0000	0.0173	8.5991	-0.0000	7246.7428	0.0802	0.0000	-0.5938	0.0000
18.9000	1236.3231	11.1815	15447.6961	5944.3445	0.0000	-0.1057	703.3420	26381.5000	8000.0000	0.0000	22436.0000	7000.0000	0.0000	-0.2894	8.5910	-0.0000	7083.8848	-0.5732	0.0000	-0.8790	0.0000
19.0000	1238.2090	10.6408	15568.8054	5969.6155	0.0000	-0.0810	702.2354	26346.5000	8000.0000	0.0000	22396.0000	7000.0000	0.0000	-0.5216	8.5833	-0.0000	6920.8279	-1.0720	0.0000	-1.0921	0.0000
19.1000	1240.0352	10.2352	15690.1227	5994.7987	0.0000	-0.0588	701.1325	26311.5000	8000.0000	0.0000	22356.0000	7000.0000	0.0000	-0.6865	8.5762	-0.0000	6757.5779	-1.4287	0.0000	-1.2284	0.0000
19.2000	1241.8108	9.9499	15811.6446	6019.8826	0.0000	-0.0391	700.0335	26276.5000	8000.0000	0.0000	22316.0000	7000.0000	0.0000	-0.7915	8.5698	-0.0000	6594.1400	-1.6597	0.0000	-1.2805	0.0000
19.3000	1243.5452	9.7721	15933.3679	6044.8598	0.0000	-0.0215	698.9381	26241.5000	8000.0000	0.0000	22276.0000	7000.0000	0.0000	-0.8441	8.5643	-0.0000	6430.5186	-1.7799	0.0000	-1.2597	0.0000
19.4000	1245.2466	9.6899	16055.2892	6069.7261	0.0000	-0.0059	697.8465	26206.5000	8000.0000	0.0000	22236.0000	7000.0000	0.0000	-0.8506	8.5599	-0.0000	6266.7175	-1.8026	0.0000	-1.1754	0.0000
19.5000	1246.9226	9.6928	16177.4058	6094.4803	0.0000	0.0080	696.7587	26171.5000	8000.0000	0.0000	22196.0000	7000.0000	0.0000	-0.8170	8.5565	-0.0000	6102.7398	-1.7397	0.0000	-1.0359	0.0000
19.6000	1248.5797	9.7711	16299.7147	6119.1239	0.0000	0.0203	695.6746	26136.5000	8000.0000	0.0000	22156.0000	7000.0000	0.0000	-0.7483	8.5542	-0.0000	5938.5881	-1.6019	0.0000	-0.8488	0.0000
19.7000	1250.2231	9.9162	16422.2136	6143.6606	0.0000	0.0312	694.5943	26101.5000	8000.0000	0.0000	22116.0000	7000.0000	0.0000	-0.6492	8.5532	-0.0000	5774.2644	-1.3990	0.0000	-0.6208	0.0000
19.8000	1251.8570	10.1198	16544.8997	6168.0959	0.0000	0.0407	693.5177	26066.5000	8000.0000	0.0000	22076.0000	7000.0000	0.0000	-0.5240	8.5534	-0.0000	5609.7703	-1.1401	0.0000	-0.3582	0.0000
19.9000	1253.4847	10.3747	16667.7709	6192.4372	0.0000	0.0490	692.4448	26031.5000	8000.0000	0.0000	22036.0000	7000.0000	0.0000	-0.3764	8.5548	-0.0000	5445.1072	-0.8331	0.0000	-0.0656	0.0000
20.0000	1255.1083	10.6747	16790.8246	6216.6933	0.0000	0.0563	691.3758	25996.5000	8000.0000	0.0000	21996.0000	7000.0000	0.0000	-0.2097	8.5577	-0.0000	5280.2762	-0.4851	0.0000	0.2532	0.0000
20.1000	1256.7291	11.0141	16914.0584	6240.8741	0.0000	0.0627	690.3104	25961.5000	8000.0000	0.0000	21956.0000	7000.0000	0.0000	-0.0263	8.5618	-0.0000	5115.2782	-0.1021	0.0000	0.5943	0.0000
20.2000	1258.3309	11.3874	17037.4694	6264.9908	0.0000	0.0679	689.2488	25926.5000	8000.0000	0.0000	21916.0000	7000.0000	0.0000	0.1702	8.5672	-0.0000	4950.1143	0.3098	0.0000	0.9398	0.0000
20.3000	1259.8774	11.7869	17161.0515	6289.0546	0.0000	0.0718	688.1910	25891.5000	8000.0000	0.0000	21876.0000	7000.0000	0.0000	0.3751	8.5740	-0.0000	4784.7885	0.7429	0.0000	1.2928	0.0000
20.4000	1261.3651	12.2061	17284.7966	6313.0769	0.0000	0.0747	687.1369	25856.5000	8000.0000	0.0000	21836.0000	7000.0000	0.0000	0.5857	8.5821	-0.0000	4619.3073	1.1904	0.0000	1.6567	0.0000
20.5000	1262.7916	12.6410	17408.6962	6337.0694	0.0000	0.0772	686.0866	25821.5000	8000.0000	0.0000	21796.0000	7000.0000	0.0000	0.8001	8.5915	-0.0000	4453.6772	1.6477	0.0000	2.0294	0.0000
20.6000	1264.1509	13.0888	17532.7416	6361.0441	0.0000	0.0792	685.0400	25786.5000	8000.0000	0.0000	21756.0000	7000.0000	0.0000	1.0156	8.6022	-0.0000	4287.9050	2.1121	0.0000	2.4009	0.0000
20.7000	1265.3771	13.5460	17656.9212	6385.0124	0.0000	0.0805	683.9971	25751.5000	8000.0000	0.0000	21716.0000	7000.0000	0.0000	1.2279	8.6141	-0.0000	4121.9998	2.5802	0.0000	2.7717	0.0000
20.8000	1266.4464	14.0099	17781.2178	6408.9843	0.0000	0.0814	682.9581	25716.5000	8000.0000	0.0000	21676.0000	7000.0000	0.0000	1.4376	8.6272	-0.0000	3955.9771	3.0493	0.0000	3.1409	0.0000
20.9000	1267.3828	14.4776	17905.6142	6432.9698	0.0000	0.0819	681.9227	25681.5000	8000.0000	0.0000	21636.0000	7000.0000	0.0000	1.6466	8.6415	-0.0000	3789.8525	3.5167	0.0000	3.5062	0.0000
21.0000	1268.2164	14.9471	18030.0966	6456.9792	0.0000	0.0820	680.8911	25646.5000	8000.0000	0.0000	21596.0000	7000.0000	0.0000	1.8519	8.6570	-0.0000	3623.6384	3.9803	0.0000	3.8653	0.0000
21.1000	1268.9475	15.4161	18154.6525	6481.0230	0.0000	0.0817	679.8633	25611.5000	8000.0000	0.0000	21556.0000	7000.0000	0.0000	2.0525	8.6736	-0.0000	3457.3456	4.4379	0.0000	4.2172	0.0000
21.2000	1269.5767	15.8827	18279.2696	6505.1115	0.0000	0.0811	678.8392	25576.5000	8000.0000	0.0000	21516.0000	7000.0000	0.0000	2.2473	8.6912	-0.0000	3290.9849	4.8877	0.0000	4.5609	0.0000
21.3000	1270.1026	16.3449	18403.9356	6529.2544	0.0000	0.0802	677.8189	25541.5000	8000.0000	0.0000	21476.0000	7000.0000	0.0000	2.4354	8.7100	-0.0000	3124.5669	5.3282	0.0000	4.8958	0.0000
21.4000	1270.5219	16.8014	18528.6379	6553.4609	0.0000	0.0790	676.8023	25506.5000	8000.0000	0.0000	21436.0000	7000.0000	0.0000	2.6164	8.7297	-0.0000	2958.1026	5.7580	0.0000	5.2214	0.0000
21.5000	1270.8367	17.2510	18653.3640	6577.7399	0.0000	0.0777	675.7894	25471.5000	8000.0000	0.0000	21396.0000	7000.0000	0.0000	2.7902	8.7505	-0.0000	2791.6030	6.1762	0.0000	5.5372	0.0000
21.6000	1271.0497	17.6927	18778.1018	6602.0997	0.0000	0.0763	674.7804	25436.5000	8000.0000	0.0000	21356.0000	7000.0000	0.0000	2.9565	8.7722	-0.0000	2625.0789	6.5819	0.0000	5.8429	0.0000
21.7000	1271.1636	18.1259	18902.8393	6626.5481	0.0000	0.0748	673.7750	25401.5000	8000.0000	0.0000	21316.0000	7000.0000	0.0000	3.1154	8.7948	-0.0000	2458.5409	6.9747	0.0000	6.1386	0.0000
21.8000	1271.1818	18.5502	19027.5652	6651.0926	0.0000	0.0732	672.7734	25366.5000	8000.0000	0.0000	21276.0000	7000.0000	0.0000	3.2668	8.8183	-0.0000	2291.9992	7.3545	0.0000	6.4245	0.0000
21.9000	1271.1073	18.9653	19152.2682	6675.7403	0.0000	0.0716	671.7756	25331.5000	8000.0000	0.0000	21236.0000	7000.0000	0.0000	3.4110	8.8427	-0.0000	2125.4635	7.7212	0.0000	6.7011	0.0000
22.0000	1270.9456	19.3715	19276.9379	6700.4978	0.0000	0.0700	670.7815	25296.5000	8000.0000	0.0000	21196.0000	7000.0000	0.0000	3.5498	8.8679	-0.0000	1958.9435	8.0751	0.0000	6.9690	0.0000
22.1000	1270.7375	19.7689	19401.5653	6725.3717	0.0000	0.0685	669.7912	25261.5000	8000.0000	0.0000	21156.0000	7000.0000	0.0000	3.6881	8.8939	-0.0000	1792.4471	8.4165	0.0000	7.2239	0.0000
22.2000	1270.4984	20.1572	19526.1453	6750.3697	0.0000	0.0668	668.8046	25226.5000	8000.0000	0.0000	21116.0000	7000.0000	0.0000	3.8197	8.9207	-0.0000	1625.9784	8.7450	0.0000	7.4648	0.0000
22.3000	1270.2289	20.5352	19650.6730	6775.4989	0.0000	0.0649	667.8217	25191.5000	8000.0000	0.0000	21076.0000	7000.0000	0.0000	3.9445	8.9482	-0.0000	1459.5410	9.0599	0.0000	7.6913	0.0000
22.4000	1269.9300	20.9014	19775.1440	6800.7661	0.0000	0.0627	666.8427	25156.5000	8000.0000	0.0000	21036.0000	7000.0000	0.0000	4.0618	8.9765	-0.0000	1293.1381	9.3598	0.0000	7.9023	0.0000
22.5000	1269.6026	21.2541	19899.5538	6826.1777	0.0000	0.0601	665.8673	25121.5000	8000.0000	0.0000	20996.0000	7000.0000	0.0000	4.1710	9.0054	-0.0000	1126.7732	9.6431	0.0000	8.0955	0.0000
22.6000	1269.2483	21.5908	20023.8981	6851.7396	0.0000	0.0571	664.8957	25086.5000	8000.0000	0.0000	20956.0000	7000.0000	0.0000	4.2713	9.0348	-0.0000	960.4495	9.9079	0.0000	8.2672	0.0000
22.7000	1268.8687	21.9087	20148.1729	6877.4571	0.0000	0.0534	663.9279	25051.5000	8000.0000	0.0000	20916.0000	7000.0000	0.0000	4.3616	9.0647	-0.0000	794.1698	10.1516	0.0000	8.4112	0.0000
22.8000	1268.4660	22.2033	20272.3746	6903.3349	0.0000	0.0487	662.9638	25016.5000	8000.0000	0.0000	20876.0000	7000.0000	0.0000	4.4401	9.0951	-0.0000	627.9370	10.3701	0.0000	8.5151	0.0000
22.9000	1268.0432	22.4668	20396.4998	6929.3772	0.0000	0.0422	662.0035	24981.5000	8000.0000	0.0000	20836.0000	7000.0000	0.0000	4.5031	9.1257	-0.0000	461.7537	10.5566	0.0000	8.5486	0.0000
23.0000	1267.6045	22.6834	20520.5458	6955.5870	0.0000	0.0311	661.0469	24946.5000	8000.0000	0.0000	20796.0000	7000.0000	0.0000	4.5421	9.1563	-0.0000	295.6220	10.6971	0.0000	8.4058	0.0000
23.1000	1267.1588	22.8030	20644.5106	6981.9657	0.0000	0.0008	660.0940	24911.5000	8000.0000	0.0000	20756.0000	7000.0000	0.0000	4.5154	9.1857	-0.0000	129.5434	10.7494	0.0000	7.2760	0.0000
23.1600	1266.9113	22.7040	20718.8509	6997.8726	0.0000	-0.1458	659.5241	24890.5000	8000.0000	0.0000	20732.0000	7000.0000	0.0000	3.9911	9.1971	-0.0000	29.9219	10.6520	0.0000	-7.9163	0.0000
