0	350.966	45.0000	2.4749	2.4749	0.0000	0.0000	979.8183	29996.5000	8000.0000	0.0000	32996.0000	7000.0000	0.0000	-0.0000	45.0000	-0.0000	30000.0000	-0.0000	0.0000	0.0000	0.0000
0.1000	360.5789	45.0003	27.6252	27.5713	0.0000	0.0002	978.0029	29961.5000	8000.0000	0.0000	32956.0000	7000.0000	0.0000	0.0477	45.0001	-0.0000	29964.5664	0.1104	0.0000	0.1608	0.0000
0.2000	370.1084	45.0022	53.5012	53.2961	0.0000	0.0005	976.1913	29926.5000	8000.0000	0.0000	32916.0000	7000.0000	0.0000	0.0934	45.0003	-0.0000	29928.1745	0.2157	0.0000	0.2961	0.0000
0.3000	379.5542	45.0062	80.0964	79.6435	0.0000	0.0010	974.3835	29891.5000	8000.0000	0.0000	32876.0000	7000.0000	0.0000	0.1376	45.0006	-0.0000	29890.8329	0.3172	0.0000	0.4178	0.0000
0.4000	388.9280	45.0128	107.4049	106.6084	0.0000	0.0014	972.5794	29856.5000	8000.0000	0.0000	32836.0000	7000.0000	0.0000	0.1808	45.0010	-0.0000	29852.5496	0.4156	0.0000	0.5322	0.0000
0.5000	398.2305	45.0219	135.4210	134.1861	0.0000	0.0018	970.7791	29821.5000	8000.0000	0.0000	32796.0000	7000.0000	0.0000	0.2231	45.0016	-0.0000	29813.3319	0.5111	0.0000	0.6428	0.0000
0.6000	407.4609	45.0333	164.1392	162.3720	0.0000	0.0022	968.9825	29786.5000	8000.0000	0.0000	32756.0000	7000.0000	0.0000	0.2645	45.0023	-0.0000	29773.1869	0.6041	0.0000	0.7516	0.0000
0.7000	416.6180	45.0469	193.5535	191.1617	0.0000	0.0026	967.1896	29751.5000	8000.0000	0.0000	32716.0000	7000.0000	0.0000	0.3047	45.0032	-0.0000	29732.1221	0.6945	0.0000	0.8536	0.0000
0.8000	425.7006	45.0624	223.6581	220.5503	0.0000	0.0029	965.4006	29716.5000	8000.0000	0.0000	32676.0000	7000.0000	0.0000	0.3438	45.0041	-0.0000	29690.1449	0.7825	0.0000	0.9528	0.0000
0.9000	434.7076	45.0796	254.4471	250.5332	0.0000	0.0031	963.6152	29681.5000	8000.0000	0.0000	32636.0000	7000.0000	0.0000	0.3821	45.0052	-0.0000	29647.2628	0.8680	0.0000	1.0498	0.0000
1.0000	443.6381	45.0982	285.9142	281.1058	0.0000	0.0034	961.8336	29646.5000	8000.0000	0.0000	32596.0000	7000.0000	0.0000	0.4194	45.0065	-0.0000	29603.4835	0.9510	0.0000	1.1444	0.0000
1.1000	452.4912	45.1181	318.0534	312.2632	0.0000	0.0036	960.0558	29611.5000	8000.0000	0.0000	32556.0000	7000.0000	0.0000	0.4557	45.0078	-0.0000	29558.8146	1.0316	0.0000	1.2372	0.0000
1.2000	461.2661	45.1390	350.8584	344.0007	0.0000	0.0038	958.2817	29576.5000	8000.0000	0.0000	32516.0000	7000.0000	0.0000	0.4911	45.0093	-0.0000	29513.2641	1.1098	0.0000	1.3283	0.0000
1.3000	469.9618	45.1610	384.3227	376.3135	0.0000	0.0039	956.5114	29541.5000	8000.0000	0.0000	32476.0000	7000.0000	0.0000	0.5255	45.0108	-0.0000	29466.8397	1.1857	0.0000	1.4173	0.0000
1.4000	478.5778	45.1837	418.4401	409.1966	0.0000	0.0040	954.7448	29506.5000	8000.0000	0.0000	32436.0000	7000.0000	0.0000	0.5591	45.0126	-0.0000	29419.5495	1.2592	0.0000	1.5043	0.0000
1.5000	487.1134	45.2072	453.2039	442.6454	0.0000	0.0042	952.9819	29471.5000	8000.0000	0.0000	32396.0000	7000.0000	0.0000	0.5917	45.0144	-0.0000	29371.4015	1.3306	0.0000	1.5892	0.0000
1.6000	495.5678	45.2313	488.6077	476.6548	0.0000	0.0043	951.2229	29436.5000	8000.0000	0.0000	32356.0000	7000.0000	0.0000	0.6234	45.0163	-0.0000	29322.4037	1.3997	0.0000	1.6721	0.0000
1.7000	503.9406	45.2560	524.6449	511.2199	0.0000	0.0043	949.4675	29401.5000	8000.0000	0.0000	32316.0000	7000.0000	0.0000	0.6543	45.0184	-0.0000	29272.5644	1.4667	0.0000	1.7531	0.0000
1.8000	512.2336	45.2811	561.3089	546.3358	0.0000	0.0044	947.7159	29366.5000	8000.0000	0.0000	32276.0000	7000.0000	0.0000	0.6845	45.0205	-0.0000	29221.8916	1.5317	0.0000	1.8248	0.0000
1.9000	520.4589	45.3066	598.5936	581.9981	0.0000	0.0045	945.9681	29331.5000	8000.0000	0.0000	32236.0000	7000.0000	0.0000	0.7141	45.0228	-0.0000	29170.3930	1.5946	0.0000	1.8858	0.0000
2.0000	528.6190	45.3324	636.4934	618.2030	0.0000	0.0045	944.2240	29296.5000	8000.0000	0.0000	32196.0000	7000.0000	0.0000	0.7429	45.0252	-0.0000	29118.0752	1.6556	0.0000	1.9438	0.0000
2.1000	536.7144	45.3586	675.0028	654.9468	0.0000	0.0046	942.4837	29261.5000	8000.0000	0.0000	32156.0000	7000.0000	0.0000	0.7710	45.0277	-0.0000	29064.9446	1.7147	0.0000	1.9992	0.0000
2.2000	544.7459	45.3850	714.1166	692.2257	0.0000	0.0046	940.7471	29226.5000	8000.0000	0.0000	32116.0000	7000.0000	0.0000	0.7984	45.0303	-0.0000	29011.0077	1.7719	0.0000	2.0520	0.0000
2.3000	552.7141	45.4117	753.8293	730.0362	0.0000	0.0047	939.0142	29191.5000	8000.0000	0.0000	32076.0000	7000.0000	0.0000	0.8251	45.0330	-0.0000	28956.2709	1.8273	0.0000	2.1024	0.0000
2.4000	560.6199	45.4385	794.1356	768.3748	0.0000	0.0047	937.2852	29156.5000	8000.0000	0.0000	32036.0000	7000.0000	0.0000	0.8511	45.0358	-0.0000	28900.7405	1.8810	0.0000	2.1504	0.0000
2.5000	568.4639	45.4655	835.0302	807.2378	0.0000	0.0047	935.5598	29121.5000	8000.0000	0.0000	31996.0000	7000.0000	0.0000	0.8764	45.0387	-0.0000	28844.4227	1.9331	0.0000	2.1962	0.0000
2.6000	576.2471	45.4927	876.5080	846.6219	0.0000	0.0047	933.8382	29086.5000	8000.0000	0.0000	31956.0000	7000.0000	0.0000	0.9011	45.0418	-0.0000	28787.3236	1.9834	0.0000	2.2398	0.0000
2.7000	583.9691	45.5198	918.5638	886.5236	0.0000	0.0048	932.1204	29051.5000	8000.0000	0.0000	31916.0000	7000.0000	0.0000	0.9250	45.0449	-0.0000	28729.4493	2.0322	0.0000	2.2813	0.0000
2.8000	591.6282	45.5471	961.1923	926.9394	0.0000	0.0048	930.4063	29016.5000	8000.0000	0.0000	31876.0000	7000.0000	0.0000	0.9483	45.0481	-0.0000	28670.8059	2.0795	0.0000	2.3208	0.0000
2.9000	599.2250	45.5744	1004.3883	967.8659	0.0000	0.0048	928.6960	28981.5000	8000.0000	0.0000	31836.0000	7000.0000	0.0000	0.9709	45.0514	-0.0000	28611.3997	2.1252	0.0000	2.3585	0.0000
3.0000	606.7604	45.6017	1048.1465	1009.2994	0.0000	0.0048	926.9894	28946.5000	8000.0000	0.0000	31796.0000	7000.0000	0.0000	0.9930	45.0548	-0.0000	28551.2369	2.1695	0.0000	2.3940	0.0000
3.1000	614.2705	44.3736	1092.4727	1051.2267	0.0000	-0.3975	925.2865	28911.5000	8000.0000	0.0000	31756.0000	7000.0000	0.0000	0.3482	12.4412	-0.0000	29952.8544	1.2037	0.0000	-18.5836	0.0000
3.2000	621.7693	41.7527	1137.3894	1093.6226	0.0000	-0.5002	923.5875	28876.5000	8000.0000	0.0000	31716.0000	7000.0000	0.0000	-0.7217	12.3959	-0.0000	29863.3173	-1.2701	0.0000	-14.3960	0.0000
3.3000	629.0554	38.8577	1182.9273	1136.4422	0.0000	-0.5023	921.8921	28841.5000	8000.0000	0.0000	31676.0000	7000.0000	0.0000	-1.9486	12.3498	-0.0000	29773.1034	-4.0268	0.0000	-14.4750	0.0000
3.4000	636.0114	36.0431	1229.1100	1179.6173	0.0000	-0.4751	920.2005	28806.5000	8000.0000	0.0000	31636.0000	7000.0000	0.0000	-3.1153	12.3030	-0.0000	29682.2036	-6.6651	0.0000	-15.6768	0.0000
3.5000	642.6498	33.4099	1275.9569	1223.0779	0.0000	-0.4401	918.5127	28771.5000	8000.0000	0.0000	31596.0000	7000.0000	0.0000	-4.1753	12.2556	-0.0000	29590.6143	-9.0758	0.0000	-17.0805	0.0000
3.6000	649.0802	30.9804	1323.4881	1266.7614	0.0000	-0.4045	916.8286	28736.5000	8000.0000	0.0000	31556.0000	7000.0000	0.0000	-5.1296	12.2077	-0.0000	29498.3305	-11.2375	0.0000	-18.4092	0.0000
3.7000	655.3124	28.7514	1371.7248	1310.6130	0.0000	-0.3705	915.1483	28701.5000	8000.0000	0.0000	31516.0000	7000.0000	0.0000	-5.9704	12.1595	-0.0000	29405.3430	-13.1577	0.0000	-19.5855	0.0000
3.8000	661.3436	26.7121	1420.6837	1354.5814	0.0000	-0.3386	913.4717	28666.5000	8000.0000	0.0000	31476.0000	7000.0000	0.0000	-6.7058	12.1111	-0.0000	29311.6463	-14.8528	0.0000	-20.5970	0.0000
3.9000	667.1771	24.8495	1470.3770	1398.6190	0.0000	-0.3090	911.7988	28631.5000	8000.0000	0.0000	31436.0000	7000.0000	0.0000	-7.3453	12.0625	-0.0000	29217.2379	-16.3406	0.0000	-21.4516	0.0000
4.0000	672.8206	23.1509	1520.8137	1442.6818	0.0000	-0.2816	910.1298	28596.5000	8000.0000	0.0000	31396.0000	7000.0000	0.0000	-7.8980	12.0139	-0.0000	29122.1183	-17.6388	0.0000	-22.1621	0.0000
4.1000	678.2848	21.6036	1571.9996	1486.7295	0.0000	-0.2563	908.4644	28561.5000	8000.0000	0.0000	31356.0000	7000.0000	0.0000	-8.3729	11.9652	-0.0000	29026.2897	-18.7638	0.0000	-22.7421	0.0000
4.2000	683.5824	20.1960	1623.9382	1530.7254	0.0000	-0.2330	906.8028	28526.5000	8000.0000	0.0000	31316.0000	7000.0000	0.0000	-8.7779	11.9167	-0.0000	28929.7559	-19.7312	0.0000	-23.2046	0.0000
4.3000	688.7275	18.9169	1676.6311	1574.6362	0.0000	-0.2116	905.1450	28491.5000	8000.0000	0.0000	31276.0000	7000.0000	0.0000	-9.1205	11.8682	-0.0000	28832.5217	-20.5552	0.0000	-23.5615	0.0000
4.4000	693.7346	17.7558	1730.0784	1618.4317	0.0000	-0.1920	903.4909	28456.5000	8000.0000	0.0000	31236.0000	7000.0000	0.0000	-9.4072	11.8200	-0.0000	28734.5929	-21.2490	0.0000	-23.8236	0.0000
4.5000	698.6182	16.7031	1784.2789	1662.0851	0.0000	-0.1739	901.8406	28421.5000	8000.0000	0.0000	31196.0000	7000.0000	0.0000	-9.6441	11.7721	-0.0000	28635.9754	-21.8247	0.0000	-24.0007	0.0000
4.6000	703.3927	15.7497	1839.2307	1705.5723	0.0000	-0.1574	900.1940	28386.5000	8000.0000	0.0000	31156.0000	7000.0000	0.0000	-9.8362	11.7244	-0.0000	28536.6757	-22.2937	0.0000	-24.1146	0.0000
4.7000	708.0721	14.8873	1894.9309	1748.8717	0.0000	-0.1423	898.5511	28351.5000	8000.0000	0.0000	31116.0000	7000.0000	0.0000	-9.9884	11.6771	-0.0000	28436.7002	-22.6662	0.0000	-24.1782	0.0000
4.8000	712.6693	14.1081	1951.3761	1791.9645	0.0000	-0.1285	896.9121	28316.5000	8000.0000	0.0000	31076.0000	7000.0000	0.0000	-10.1050	11.6301	-0.0000	28336.0555	-22.9515	0.0000	-24.1811	0.0000
4.9000	717.1967	13.4048	2008.5627	1834.8340	0.0000	-0.1159	895.2767	28281.5000	8000.0000	0.0000	31036.0000	7000.0000	0.0000	-10.1899	11.5836	-0.0000	28234.7478	-23.1584	0.0000	-24.1297	0.0000
5.0000	721.6654	12.7710	2066.4866	1877.4656	0.0000	-0.1044	893.6451	28246.5000	8000.0000	0.0000	30996.0000	7000.0000	0.0000	-10.2464	11.5374	-0.0000	28132.7834	-23.2948	0.0000	-24.0298	0.0000
5.1000	726.0859	12.2003	2125.1435	1919.8465	0.0000	-0.0939	892.0173	28211.5000	8000.0000	0.0000	30956.0000	7000.0000	0.0000	-10.2777	11.4918	-0.0000	28030.1683	-23.3679	0.0000	-23.8868	0.0000
5.2000	730.4674	11.6872	2184.5292	1961.9658	0.0000	-0.0844	890.3932	28176.5000	8000.0000	0.0000	30916.0000	7000.0000	0.0000	-10.2863	11.4466	-0.0000	27926.9081	-23.3846	0.0000	-23.7058	0.0000
5.3000	734.8184	11.2265	2244.6391	2003.8139	0.0000	-0.0757	888.7729	28141.5000	8000.0000	0.0000	30876.0000	7000.0000	0.0000	-10.2748	11.4020	-0.0000	27823.0085	-23.3507	0.0000	-23.4913	0.0000
5.4000	739.1464	10.8134	2305.4687	2045.3830	0.0000	-0.0678	887.1563	28106.5000	8000.0000	0.0000	30836.0000	7000.0000	0.0000	-10.2454	11.3578	-0.0000	27718.4747	-23.2719	0.0000	-23.2473	0.0000
5.5000	743.4579	10.4435	2367.0136	2086.6663	0.0000	-0.0607	885.5434	28071.5000	8000.0000	0.0000	30796.0000	7000.0000	0.0000	-10.1999	11.3142	-0.0000	27613.3115	-23.1533	0.0000	-22.9775	0.0000
5.6000	747.7587	10.1129	2429.2691	2127.6581	0.0000	-0.0542	883.9344	28036.5000	8000.0000	0.0000	30756.0000	7000.0000	0.0000	-10.1403	11.2712	-0.0000	27507.5239	-22.9993	0.0000	-22.6854	0.0000
5.7000	752.0539	9.8180	2492.2309	2168.3540	0.0000	-0.0483	882.3290	28001.5000	8000.0000	0.0000	30716.0000	7000.0000	0.0000	-10.0680	11.2287	-0.0000	27401.1164	-22.8141	0.0000	-22.3739	0.0000
5.8000	756.3478	9.5554	2555.8945	2208.7504	0.0000	-0.0429	880.7274	27966.5000	8000.0000	0.0000	30676.0000	7000.0000	0.0000	-9.9845	11.1868	-0.0000	27294.0932	-22.6015	0.0000	-22.0458	0.0000
5.9000	760.6440	9.3222	2620.2554	2248.8446	0.0000	-0.0381	879.1296	27931.5000	8000.0000	0.0000	30636.0000	7000.0000	0.0000	-9.8911	11.1455	-0.0000	27186.4585	-22.3649	0.0000	-21.7037	0.0000
6.0000	764.9456	9.1157	2685.3092	2288.6345	0.0000	-0.0337	877.5355	27896.5000	8000.0000	0.0000	30596.0000	7000.0000	0.0000	-9.7891	11.1047	-0.0000	27078.2162	-22.1074	0.0000	-21.3504	0.0000
6.1000	769.2550	8.9333	2751.0516	2328.1188	0.0000	-0.0297	875.9452	27861.5000	8000.0000	0.0000	30556.0000	7000.0000	0.0000	-9.6796	11.0645	-0.0000	26969.3701	-21.8318	0.0000	-20.9875	0.0000
6.2000	773.5743	8.7726	2817.4784	2367.2969	0.0000	-0.0261	874.3586	27826.5000	8000.0000	0.0000	30516.0000	7000.0000	0.0000	-9.5633	11.0250	-0.0000	26859.9239	-21.5406	0.0000	-20.6164	0.0000
6.3000	777.9051	8.6316	2884.5851	2406.1684	0.0000	-0.0228	872.7757	27791.5000	8000.0000	0.0000	30476.0000	7000.0000	0.0000	-9.4413	10.9860	-0.0000	26749.8809	-21.2362	0.0000	-20.2389	0.0000
6.4000	782.2485	8.5086	2952.3677	2444.7339	0.0000	-0.0199	871.1967	27756.5000	8000.0000	0.0000	30436.0000	7000.0000	0.0000	-9.3142	10.9476	-0.0000	26639.2448	-20.9205	0.0000	-19.8564	0.0000
6.5000	786.6056	8.4018	3020.8218	2482.9939	0.0000	-0.0172	869.6213	27721.5000	8000.0000	0.0000	30396.0000	7000.0000	0.0000	-9.1826	10.9099	-0.0000	26528.0186	-20.5954	0.0000	-19.4703	0.0000
6.6000	790.9768	8.3097	3089.9433	2520.9496	0.0000	-0.0147	868.0497	27686.5000	8000.0000	0.0000	30356.0000	7000.0000	0.0000	-9.0474	10.8727	-0.0000	26416.2056	-20.2625	0.0000	-19.0818	0.0000
6.7000	795.3626	8.2311	3159.7281	2558.6025	0.0000	-0.0125	866.4819	27651.5000	8000.0000	0.0000	30316.0000	7000.0000	0.0000	-8.9090	10.8362	-0.0000	26303.8090	-19.9232	0.0000	-18.6918	0.0000
6.8000	799.7630	8.1646	3230.1720	2595.9544	0.0000	-0.0105	864.9178	27616.5000	8000.0000	0.0000	30276.0000	7000.0000	0.0000	-8.7678	10.8002	-0.0000	26190.8317	-19.5788	0.0000	-18.3014	0.0000
6.9000	804.1779	8.1092	3301.2709	2633.0074	0.0000	-0.0087	863.3575	27581.5000	8000.0000	0.0000	30236.0000	7000.0000	0.0000	-8.6245	10.7649	-0.0000	26077.2768	-19.2305	0.0000	-17.9112	0.0000
7.0000	808.6071	8.0640	3373.0208	2669.7637	0.0000	-0.0070	861.8009	27546.5000	8000.0000	0.0000	30196.0000	7000.0000	0.0000	-8.4794	10.7301	-0.0000	25963.1472	-18.8792	0.0000	-17.5221	0.0000
7.1000	813.0501	8.0279	3445.4175	2706.2260	0.0000	-0.0055	860.2480	27511.5000	8000.0000	0.0000	30156.0000	7000.0000	0.0000	-8.3329	10.6960	-0.0000	25848.4459	-18.5259	0.0000	-17.1347	0.0000
7.2000	817.5064	8.0003	3518.4571	2742.3969	0.0000	-0.0041	858.6990	27476.5000	8000.0000	0.0000	30116.0000	7000.0000	0.0000	-8.1852	10.6624	-0.0000	25733.1756	-18.1715	0.0000	-16.7495	0.0000
7.3000	821.9754	7.9803	3592.1354	2778.2793	0.0000	-0.0028	857.1536	27441.5000	8000.0000	0.0000	30076.0000	7000.0000	0.0000	-8.0368	10.6295	-0.0000	25617.3393	-17.8166	0.0000	-16.3670	0.0000
7.4000	826.4564	7.9673	3666.4485	2813.8763	0.0000	-0.0016	855.6120	27406.5000	8000.0000	0.0000	30036.0000	7000.0000	0.0000	-7.8872	10.5971	-0.0000	25500.9398	-17.4618	0.0000	-15.9743	0.0000
7.5000	830.9488	7.9607	3741.3924	2849.1912	0.0000	-0.0006	854.0742	27371.5000	8000.0000	0.0000	29996.0000	7000.0000	0.0000	-7.7370	10.5654	-0.0000	25383.9798	-17.1078	0.0000	-15.5754	0.0000
7.6000	835.4519	7.9600	3816.9629	2884.2274	0.0000	0.0004	852.5401	27336.5000	8000.0000	0.0000	29956.0000	7000.0000	0.0000	-7.5867	10.5342	-0.0000	25266.4622	-16.7551	0.0000	-15.1814	0.0000
7.7000	839.9646	7.9647	3893.1561	2918.9885	0.0000	0.0013	851.0098	27301.5000	8000.0000	0.0000	29916.0000	7000.0000	0.0000	-7.4366	10.5036	-0.0000	25148.3897	-16.4042	0.0000	-14.7925	0.0000
7.8000	844.4860	7.9744	3969.9680	2953.4780	0.0000	0.0021	849.4832	27266.5000	8000.0000	0.0000	29876.0000	7000.0000	0.0000	-7.2869	10.4736	-0.0000	25029.7651	-16.0553	0.0000	-14.4089	0.0000
7.9000	849.0151	7.9886	4047.3946	2987.6997	0.0000	0.0029	847.9603	27231.5000	8000.0000	0.0000	29836.0000	7000.0000	0.0000	-7.1377	10.4441	-0.0000	24910.5911	-15.7089	0.0000	-14.0308	0.0000
8.0000	853.5508	8.0069	4125.4319	3021.6572	0.0000	0.0036	846.4413	27196.5000	8000.0000	0.0000	29796.0000	7000.0000	0.0000	-6.9893	10.4153	-0.0000	24790.8706	-15.3653	0.0000	-13.6585	0.0000
8.1000	858.0922	8.0291	4204.0759	3055.3546	0.0000	0.0042	844.9259	27161.5000	8000.0000	0.0000	29756.0000	7000.0000	0.0000	-6.8416	10.3870	-0.0000	24670.6062	-15.0246	0.0000	-13.2920	0.0000
8.2000	862.6383	8.0549	4283.3227	3088.7956	0.0000	0.0048	843.4143	27126.5000	8000.0000	0.0000	29716.0000	7000.0000	0.0000	-6.6949	10.3593	-0.0000	24549.8008	-14.6872	0.0000	-12.9314	0.0000
8.3000	867.1880	8.0838	4363.1682	3121.9842	0.0000	0.0054	841.9065	27091.5000	8000.0000	0.0000	29676.0000	7000.0000	0.0000	-6.5492	10.3321	-0.0000	24428.4570	-14.3532	0.0000	-12.5769	0.0000
8.4000	871.7402	8.1158	4443.6086	3154.9243	0.0000	0.0059	840.4024	27056.5000	8000.0000	0.0000	29636.0000	7000.0000	0.0000	-6.4047	10.3055	-0.0000	24306.5777	-14.0227	0.0000	-12.2284	0.0000
8.5000	876.2941	8.1506	4524.6398	3187.6199	0.0000	0.0063	838.9021	27021.5000	8000.0000	0.0000	29596.0000	7000.0000	0.0000	-6.2613	10.2794	-0.0000	24184.1657	-13.6959	0.0000	-11.8861	0.0000
8.6000	880.8486	8.1880	4606.2579	3220.0751	0.0000	0.0068	837.4055	26986.5000	8000.0000	0.0000	29556.0000	7000.0000	0.0000	-6.1192	10.2539	-0.0000	24061.2236	-13.3729	0.0000	-11.5498	0.0000
8.7000	885.4027	8.2278	4688.4591	3252.2938	0.0000	0.0072	835.9126	26951.5000	8000.0000	0.0000	29516.0000	7000.0000	0.0000	-5.9784	10.2290	-0.0000	23937.7542	-13.0538	0.0000	-11.2197	0.0000
8.8000	889.9555	8.2698	4771.2393	3284.2801	0.0000	0.0075	834.4236	26916.5000	8000.0000	0.0000	29476.0000	7000.0000	0.0000	-5.8390	10.2045	-0.0000	23813.7604	-12.7386	0.0000	-10.8958	0.0000
8.9000	894.5061	8.3140	4854.5947	3316.0380	0.0000	0.0079	832.9382	26881.5000	8000.0000	0.0000	29436.0000	7000.0000	0.0000	-5.7009	10.1806	-0.0000	23689.2449	-12.4275	0.0000	-10.5779	0.0000
9.0000	899.0535	8.3600	4938.5213	3347.5717	0.0000	0.0082	831.4566	26846.5000	8000.0000	0.0000	29396.0000	7000.0000	0.0000	-5.5644	10.1573	-0.0000	23564.2106	-12.1204	0.0000	-10.2662	0.0000
9.1000	903.5970	8.4079	5023.0153	3378.8852	0.0000	0.0085	829.9788	26811.5000	8000.0000	0.0000	29356.0000	7000.0000	0.0000	-5.4293	10.1345	-0.0000	23438.6600	-11.8174	0.0000	-9.9604	0.0000
9.2000	908.1355	8.4575	5108.0728	3409.9826	0.0000	0.0088	828.5047	26776.5000	8000.0000	0.0000	29316.0000	7000.0000	0.0000	-5.2957	10.1121	-0.0000	23312.5962	-11.5184	0.0000	-9.6607	0.0000
9.3000	912.6683	8.5087	5193.6899	3440.8679	0.0000	0.0091	827.0344	26741.5000	8000.0000	0.0000	29276.0000	7000.0000	0.0000	-5.1636	10.0903	-0.0000	23186.0218	-11.2236	0.0000	-9.3668	0.0000
9.4000	917.1947	8.5615	5279.8628	3471.5451	0.0000	0.0093	825.5678	26706.5000	8000.0000	0.0000	29236.0000	7000.0000	0.0000	-5.0331	10.0691	-0.0000	23058.9397	-10.9328	0.0000	-9.0789	0.0000
9.5000	921.7137	8.6156	5366.5875	3502.0184	0.0000	0.0096	824.1049	26671.5000	8000.0000	0.0000	29196.0000	7000.0000	0.0000	-4.9041	10.0483	-0.0000	22931.3526	-10.6462	0.0000	-8.7968	0.0000
9.6000	926.2247	8.6710	5453.8603	3532.2918	0.0000	0.0098	822.6459	26636.5000	8000.0000	0.0000	29156.0000	7000.0000	0.0000	-4.7767	10.0280	-0.0000	22803.2634	-10.3636	0.0000	-8.5204	0.0000
9.7000	930.7270	8.7277	5541.6774	3562.3693	0.0000	0.0100	821.1905	26601.5000	8000.0000	0.0000	29116.0000	7000.0000	0.0000	-4.6509	10.0082	-0.0000	22674.6748	-10.0851	0.0000	-8.2496	0.0000
9.8000	935.2199	8.7856	5630.0350	3592.2549	0.0000	0.0102	819.7389	26566.5000	8000.0000	0.0000	29076.0000	7000.0000	0.0000	-4.5267	9.9890	-0.0000	22545.5897	-9.8106	0.0000	-7.9845	0.0000
9.9000	939.7026	8.8446	5718.9292	3621.9527	0.0000	0.0104	818.2911	26531.5000	8000.0000	0.0000	29036.0000	7000.0000	0.0000	-4.4040	9.9702	-0.0000	22416.0108	-9.5401	0.0000	-7.7249	0.0000
10.0000	944.1746	8.9046	5808.3563	3651.4666	0.0000	0.0106	816.8470	26496.5000	8000.0000	0.0000	28996.0000	7000.0000	0.0000	-4.2829	9.9519	-0.0000	22285.9409	-9.2736	0.0000	-7.4706	0.0000
10.1000	948.6353	8.9656	5898.3126	3680.8007	0.0000	0.0107	815.4067	26461.5000	8000.0000	0.0000	28956.0000	7000.0000	0.0000	-4.1634	9.9341	-0.0000	22155.3829	-9.0110	0.0000	-7.2218	0.0000
10.2000	953.0840	9.0275	5988.7942	3709.9588	0.0000	0.0109	813.9701	26426.5000	8000.0000	0.0000	28916.0000	7000.0000	0.0000	-4.0455	9.9167	-0.0000	22024.3395	-8.7524	0.0000	-6.9782	0.0000
10.3000	957.5203	9.0904	6079.7975	3738.9449	0.0000	0.0110	812.5372	26391.5000	8000.0000	0.0000	28876.0000	7000.0000	0.0000	-3.9292	9.8998	-0.0000	21892.8135	-8.4976	0.0000	-6.7398	0.0000
10.4000	961.9436	9.1540	6171.3188	3767.7629	0.0000	0.0112	811.1082	26356.5000	8000.0000	0.0000	28836.0000	7000.0000	0.0000	-3.8144	9.8834	-0.0000	21760.8077	-8.2466	0.0000	-6.5064	0.0000
10.5000	966.3533	9.2184	6263.3543	3796.4167	0.0000	0.0113	809.6828	26321.5000	8000.0000	0.0000	28796.0000	7000.0000	0.0000	-3.7012	9.8675	-0.0000	21628.3248	-7.9993	0.0000	-6.2781	0.0000
10.6000	970.7632	9.2836	6355.9009	3824.9103	0.0000	0.0114	808.2612	26286.5000	8000.0000	0.0000	28756.0000	7000.0000	0.0000	-3.5931	9.8520	-0.0000	21495.3675	-7.7558	0.0000	-6.0546	0.0000
10.7000	975.1845	9.3495	6448.9570	3853.2478	0.0000	0.0116	806.8434	26251.5000	8000.0000	0.0000	28716.0000	7000.0000	0.0000	-3.4862	9.8370	-0.0000	21361.9363	-7.5157	0.0000	-5.8356	0.0000
10.8000	979.6062	9.4159	6542.5214	3881.4334	0.0000	0.0116	805.4293	26216.5000	8000.0000	0.0000	28676.0000	7000.0000	0.0000	-3.3823	9.8224	-0.0000	21228.0316	-7.2791	0.0000	-5.6487	0.0000
10.9000	984.0125	9.4819	6636.5910	3909.4707	0.0000	0.0115	804.0190	26181.5000	8000.0000	0.0000	28636.0000	7000.0000	0.0000	-3.2802	9.8082	-0.0000	21093.6553	-7.0468	0.0000	-5.4670	0.0000
11.0000	988.4024	9.5472	6731.1625	3937.3629	0.0000	0.0113	802.6124	26146.5000	8000.0000	0.0000	28596.0000	7000.0000	0.0000	-3.1797	9.7945	-0.0000	20958.8102	-6.8191	0.0000	-5.2871	0.0000
11.1000	992.7751	9.6120	6826.2324	3965.1132	0.0000	0.0113	801.2095	26111.5000	8000.0000	0.0000	28556.0000	7000.0000	0.0000	-3.0808	9.7813	-0.0000	20823.4991	-6.5957	0.0000	-5.1099	0.0000
11.2000	997.1300	9.6765	6921.7970	3992.7249	0.0000	0.0112	799.8105	26076.5000	8000.0000	0.0000	28516.0000	7000.0000	0.0000	-2.9833	9.7685	-0.0000	20687.7247	-6.3763	0.0000	-4.9353	0.0000
11.3000	1001.4664	9.7409	7017.8528	4020.2011	0.0000	0.0113	798.4151	26041.5000	8000.0000	0.0000	28476.0000	7000.0000	0.0000	-2.8872	9.7561	-0.0000	20551.4899	-6.1608	0.0000	-4.7633	0.0000
11.4000	1005.7837	9.8055	7114.3962	4047.5451	0.0000	0.0113	797.0235	26006.5000	8000.0000	0.0000	28436.0000	7000.0000	0.0000	-2.7923	9.7442	-0.0000	20414.7976	-5.9486	0.0000	-4.5938	0.0000
11.5000	1010.0815	9.8705	7211.4237	4074.7599	0.0000	0.0114	795.6357	25971.5000	8000.0000	0.0000	28396.0000	7000.0000	0.0000	-2.6985	9.7326	-0.0000	20277.6506	-5.7396	0.0000	-4.4267	0.0000
11.6000	1014.3593	9.9360	7308.9316	4101.8488	0.0000	0.0115	794.2516	25936.5000	8000.0000	0.0000	28356.0000	7000.0000	0.0000	-2.6057	9.7216	-0.0000	20140.0519	-5.5336	0.0000	-4.2617	0.0000
11.7000	1018.6167	10.0022	7406.9163	4128.8149	0.0000	0.0116	792.8713	25901.5000	8000.0000	0.0000	28316.0000	7000.0000	0.0000	-2.5138	9.7109	-0.0000	20002.0043	-5.3303	0.0000	-4.0988	0.0000
11.8000	1022.8533	10.0693	7505.3743	4155.6613	0.0000	0.0118	791.4947	25866.5000	8000.0000	0.0000	28276.0000	7000.0000	0.0000	-2.4228	9.7007	-0.0000	19863.5108	-5.1296	0.0000	-3.9378	0.0000
11.9000	1027.0685	10.1372	7604.3019	4182.3912	0.0000	0.0120	790.1218	25831.5000	8000.0000	0.0000	28236.0000	7000.0000	0.0000	-2.3326	9.6909	-0.0000	19724.5744	-4.9313	0.0000	-3.7788	0.0000
12.0000	1031.2602	10.2062	7703.6955	4209.0077	0.0000	0.0121	788.7528	25796.5000	8000.0000	0.0000	28196.0000	7000.0000	0.0000	-2.2429	9.6815	-0.0000	19585.1980	-4.7354	0.0000	-3.6215	0.0000
12.1000	1035.4275	10.2761	7803.5511	4235.5141	0.0000	0.0123	787.3874	25761.5000	8000.0000	0.0000	28156.0000	7000.0000	0.0000	-2.1541	9.6725	-0.0000	19445.3848	-4.5416	0.0000	-3.4660	0.0000
12.2000	1039.5703	10.3472	7903.8649	4261.9134	0.0000	0.0125	786.0258	25726.5000	8000.0000	0.0000	28116.0000	7000.0000	0.0000	-2.0659	9.6639	-0.0000	19305.1381	-4.3500	0.0000	-3.3123	0.0000
12.3000	1043.6883	10.4194	8004.6330	4288.2088	0.0000	0.0127	784.6680	25691.5000	8000.0000	0.0000	28076.0000	7000.0000	0.0000	-1.9784	9.6557	-0.0000	19164.4610	-4.1605	0.0000	-3.1601	0.0000
12.4000	1047.7813	10.4927	8105.8517	4314.4034	0.0000	0.0129	783.3139	25656.5000	8000.0000	0.0000	28036.0000	7000.0000	0.0000	-1.8916	9.6480	-0.0000	19023.3567	-3.9729	0.0000	-3.0097	0.0000
12.5000	1051.8490	10.5672	8207.5169	4340.5006	0.0000	0.0131	781.9636	25621.5000	8000.0000	0.0000	27996.0000	7000.0000	0.0000	-1.8055	9.6406	-0.0000	18881.8285	-3.7874	0.0000	-2.8608	0.0000
12.6000	1055.8913	10.6428	8309.6250	4366.5034	0.0000	0.0133	780.6170	25586.5000	8000.0000	0.0000	27956.0000	7000.0000	0.0000	-1.7200	9.6337	-0.0000	18739.8794	-3.6037	0.0000	-2.7135	0.0000
12.7000	1059.9080	10.7195	8412.1720	4392.4152	0.0000	0.0135	779.2741	25551.5000	8000.0000	0.0000	27916.0000	7000.0000	0.0000	-1.6351	9.6271	-0.0000	18597.5128	-3.4219	0.0000	-2.5678	0.0000
12.8000	1063.8988	10.7974	8515.1542	4418.2390	0.0000	0.0137	777.9351	25516.5000	8000.0000	0.0000	27876.0000	7000.0000	0.0000	-1.5509	9.6210	-0.0000	18454.7318	-3.2420	0.0000	-2.4236	0.0000
12.9000	1067.8642	10.8763	8618.5676	4443.9783	0.0000	0.0139	776.5997	25481.5000	8000.0000	0.0000	27836.0000	7000.0000	0.0000	-1.4675	9.6152	-0.0000	18311.5396	-3.0640	0.0000	-2.2810	0.0000
13.0000	1071.8151	10.9563	8722.4089	4469.6362	0.0000	0.0141	775.2681	25446.5000	8000.0000	0.0000	27796.0000	7000.0000	0.0000	-1.3854	9.6099	-0.0000	18167.9390	-2.8878	0.0000	-2.1400	0.0000
13.1000	1075.7557	11.0373	8826.6758	4495.2164	0.0000	0.0142	773.9403	25411.5000	8000.0000	0.0000	27756.0000	7000.0000	0.0000	-1.3039	9.6049	-0.0000	18023.9318	-2.7134	0.0000	-2.0005	0.0000
13.2000	1079.6857	11.1194	8931.3661	4520.7225	0.0000	0.0144	772.6162	25376.5000	8000.0000	0.0000	27716.0000	7000.0000	0.0000	-1.2229	9.6003	-0.0000	17879.5196	-2.5408	0.0000	-1.8626	0.0000
13.3000	1083.6047	11.2023	9036.4773	4546.1580	0.0000	0.0146	771.2959	25341.5000	8000.0000	0.0000	27676.0000	7000.0000	0.0000	-1.1424	9.5960	-0.0000	17734.7039	-2.3700	0.0000	-1.7263	0.0000
13.4000	1087.5126	11.2861	9142.0074	4571.5265	0.0000	0.0147	769.9793	25306.5000	8000.0000	0.0000	27636.0000	7000.0000	0.0000	-1.0626	9.5922	-0.0000	17589.4864	-2.2012	0.0000	-1.5916	0.0000
13.5000	1091.4090	11.3708	9247.9539	4596.8316	0.0000	0.0148	768.6664	25271.5000	8000.0000	0.0000	27596.0000	7000.0000	0.0000	-0.9834	9.5887	-0.0000	17443.8687	-2.0342	0.0000	-1.4585	0.0000
13.6000	1095.2841	11.4562	9354.3145	4622.0769	0.0000	0.0150	767.3574	25236.5000	8000.0000	0.0000	27556.0000	7000.0000	0.0000	-0.9042	9.5856	-0.0000	17297.8525	-1.8692	0.0000	-1.3270	0.0000
13.7000	1099.1213	11.5423	9461.0849	4647.2656	0.0000	0.0151	766.0520	25201.5000	8000.0000	0.0000	27516.0000	7000.0000	0.0000	-0.8255	9.5828	-0.0000	17151.4412	-1.7061	0.0000	-1.1971	0.0000
13.8000	1102.9203	11.6292	9568.2604	4672.4008	0.0000	0.0152	764.7504	25166.5000	8000.0000	0.0000	27476.0000	7000.0000	0.0000	-0.7477	9.5804	-0.0000	17004.6391	-1.5450	0.0000	-1.0688	0.0000
13.9000	1106.6809	11.7167	9675.8360	4697.4856	0.0000	0.0153	763.4526	25131.5000	8000.0000	0.0000	27436.0000	7000.0000	0.0000	-0.6707	9.5784	-0.0000	16857.4504	-1.3859	0.0000	-0.9422	0.0000
14.0000	1110.4034	11.8048	9783.8070	4722.5229	0.0000	0.0154	762.1585	25096.5000	8000.0000	0.0000	27396.0000	7000.0000	0.0000	-0.5945	9.5767	-0.0000	16709.8794	-1.2288	0.0000	-0.8172	0.0000
14.1000	1114.0875	11.8934	9892.1685	4747.5160	0.0000	0.0155	760.8682	25061.5000	8000.0000	0.0000	27356.0000	7000.0000	0.0000	-0.5192	9.5753	-0.0000	16561.9301	-1.0736	0.0000	-0.6939	0.0000
14.2000	1117.7335	11.9827	10000.9158	4772.4677	0.0000	0.0156	759.5816	25026.5000	8000.0000	0.0000	27316.0000	7000.0000	0.0000	-0.4448	9.5743	-0.0000	16413.6070	-0.9204	0.0000	-0.5727	0.0000
14.3000	1121.3412	12.0724	10110.0440	4797.3813	0.0000	0.0157	758.2987	24991.5000	8000.0000	0.0000	27276.0000	7000.0000	0.0000	-0.3713	9.5737	-0.0000	16264.9141	-0.7691	0.0000	-0.4533	0.0000
14.4000	1124.9108	12.1628	10219.5486	4822.2596	0.0000	0.0158	757.0197	24956.5000	8000.0000	0.0000	27236.0000	7000.0000	0.0000	-0.2985	9.5733	-0.0000	16115.8556	-0.6196	0.0000	-0.3351	0.0000
14.5000	1128.4423	12.2537	10329.4247	4847.1057	0.0000	0.0159	755.7443	24921.5000	8000.0000	0.0000	27196.0000	7000.0000	0.0000	-0.2265	9.5733	-0.0000	15966.4357	-0.4720	0.0000	-0.2181	0.0000
14.6000	1131.9358	12.3450	10439.6677	4871.9227	0.0000	0.0160	754.4727	24886.5000	8000.0000	0.0000	27156.0000	7000.0000	0.0000	-0.1553	9.5737	-0.0000	15816.6584	-0.3263	0.0000	-0.1022	0.0000
14.7000	1135.3912	12.4368	10550.2729	4896.7134	0.0000	0.0161	753.2049	24851.5000	8000.0000	0.0000	27116.0000	7000.0000	0.0000	-0.0849	9.5743	-0.0000	15666.5280	-0.1825	0.0000	0.0125	0.0000
14.8000	1138.8088	12.5290	10661.2356	4921.4810	0.0000	0.0161	751.9408	24816.5000	8000.0000	0.0000	27076.0000	7000.0000	0.0000	-0.0153	9.5753	-0.0000	15516.0485	-0.0405	0.0000	0.1260	0.0000
14.9000	1142.1841	12.6215	10772.5510	4946.2283	0.0000	0.0161	750.6805	24781.5000	8000.0000	0.0000	27036.0000	7000.0000	0.0000	0.0534	9.5766	-0.0000	15365.2240	0.0994	0.0000	0.2371	0.0000
15.0000	1145.5064	12.7140	10884.2137	4970.9581	0.0000	0.0161	749.4239	24746.5000	8000.0000	0.0000	26996.0000	7000.0000	0.0000	0.1210	9.5782	-0.0000	15214.0595	0.2373	0.0000	0.3463	0.0000
15.1000	1148.7758	12.8064	10996.2175	4995.6730	0.0000	0.0161	748.1710	24711.5000	8000.0000	0.0000	26956.0000	7000.0000	0.0000	0.1874	9.5801	-0.0000	15062.5607	0.3729	0.0000	0.4535	0.0000
15.2000	1151.9927	12.8988	11108.5564	5020.3755	0.0000	0.0161	746.9220	24676.5000	8000.0000	0.0000	26916.0000	7000.0000	0.0000	0.2526	9.5823	-0.0000	14910.7329	0.5063	0.0000	0.5586	0.0000
15.3000	1155.1574	12.9910	11221.2244	5045.0681	0.0000	0.0161	745.6766	24641.5000	8000.0000	0.0000	26876.0000	7000.0000	0.0000	0.3167	9.5848	-0.0000	14758.5817	0.6374	0.0000	0.6616	0.0000
15.4000	1158.2704	13.0830	11334.2156	5069.7534	0.0000	0.0161	744.4350	24606.5000	8000.0000	0.0000	26836.0000	7000.0000	0.0000	0.3797	9.5876	-0.0000	14606.1126	0.7664	0.0000	0.7626	0.0000
15.5000	1161.3320	13.1749	11447.5241	5094.4337	0.0000	0.0160	743.1972	24571.5000	8000.0000	0.0000	26796.0000	7000.0000	0.0000	0.4415	9.5906	-0.0000	14453.3310	0.8933	0.0000	0.8616	0.0000
15.6000	1164.3427	13.2666	11561.1441	5119.1115	0.0000	0.0160	741.9631	24536.5000	8000.0000	0.0000	26756.0000	7000.0000	0.0000	0.5022	9.5940	-0.0000	14300.2420	1.0181	0.0000	0.9589	0.0000
15.7000	1167.3030	13.3583	11675.0699	5143.7892	0.0000	0.0160	740.7328	24501.5000	8000.0000	0.0000	26716.0000	7000.0000	0.0000	0.5620	9.5976	-0.0000	14146.8512	1.1408	0.0000	1.0560	0.0000
15.8000	1170.2132	13.4499	11789.2958	5168.4691	0.0000	0.0160	739.5062	24466.5000	8000.0000	0.0000	26676.0000	7000.0000	0.0000	0.6209	9.6016	-0.0000	13993.1636	1.2617	0.0000	1.1513	0.0000
15.9000	1173.0739	13.5415	11903.8161	5193.1535	0.0000	0.0160	738.2833	24431.5000	8000.0000	0.0000	26636.0000	7000.0000	0.0000	0.6787	9.6058	-0.0000	13839.1845	1.3807	0.0000	1.2451	0.0000
16.0000	1175.8853	13.6330	12018.6254	5217.8447	0.0000	0.0160	737.0643	24396.5000	8000.0000	0.0000	26596.0000	7000.0000	0.0000	0.7356	9.6102	-0.0000	13684.9190	1.4980	0.0000	1.3373	0.0000
16.1000	1178.6481	13.7245	12133.7180	5242.5450	0.0000	0.0160	735.8489	24361.5000	8000.0000	0.0000	26556.0000	7000.0000	0.0000	0.7915	9.6150	-0.0000	13530.3722	1.6133	0.0000	1.4280	0.0000
16.2000	1181.3627	13.8159	12249.0885	5267.2566	0.0000	0.0159	734.6373	24326.5000	8000.0000	0.0000	26516.0000	7000.0000	0.0000	0.8464	9.6200	-0.0000	13375.5491	1.7269	0.0000	1.5172	0.0000
16.3000	1184.0294	13.9071	12364.7315	5291.9817	0.0000	0.0159	733.4295	24291.5000	8000.0000	0.0000	26476.0000	7000.0000	0.0000	0.9004	9.6252	-0.0000	13220.4546	1.8386	0.0000	1.6050	0.0000
16.4000	1186.6489	13.9982	12480.6417	5316.7225	0.0000	0.0159	732.2254	24256.5000	8000.0000	0.0000	26436.0000	7000.0000	0.0000	0.9534	9.6307	-0.0000	13065.0938	1.9485	0.0000	1.6912	0.0000
16.5000	1189.2184	14.0890	12596.8137	5341.4812	0.0000	0.0158	731.0251	24221.5000	8000.0000	0.0000	26396.0000	7000.0000	0.0000	1.0051	9.6365	-0.0000	12909.4714	2.0566	0.0000	1.7760	0.0000
16.6000	1191.7238	14.1796	12713.2413	5366.2595	0.0000	0.0158	729.8285	24186.5000	8000.0000	0.0000	26356.0000	7000.0000	0.0000	1.0554	9.6425	-0.0000	12753.5933	2.1630	0.0000	1.8595	0.0000
16.7000	1194.1645	14.2700	12829.9176	5391.0591	0.0000	0.0158	728.6356	24151.5000	8000.0000	0.0000	26316.0000	7000.0000	0.0000	1.1047	9.6487	-0.0000	12597.4659	2.2676	0.0000	1.9417	0.0000
16.8000	1196.5414	14.3602	12946.8356	5415.8815	0.0000	0.0157	727.4466	24116.5000	8000.0000	0.0000	26276.0000	7000.0000	0.0000	1.1530	9.6552	-0.0000	12441.0959	2.3705	0.0000	2.0226	0.0000
16.9000	1198.8553	14.4502	13063.9885	5440.7283	0.0000	0.0157	726.2612	24081.5000	8000.0000	0.0000	26236.0000	7000.0000	0.0000	1.2003	9.6619	-0.0000	12284.4898	2.4718	0.0000	2.1022	0.0000
17.0000	1201.1073	14.5400	13181.3696	5465.6010	0.0000	0.0157	725.0796	24046.5000	8000.0000	0.0000	26196.0000	7000.0000	0.0000	1.2467	9.6689	-0.0000	12127.6539	2.5715	0.0000	2.1806	0.0000
17.1000	1203.2982	14.6296	13298.9722	5490.5010	0.0000	0.0156	723.9018	24011.5000	8000.0000	0.0000	26156.0000	7000.0000	0.0000	1.2922	9.6761	-0.0000	11970.5945	2.6697	0.0000	2.2579	0.0000
17.2000	1205.4290	14.7191	13416.7900	5515.4298	0.0000	0.0156	722.7277	23976.5000	8000.0000	0.0000	26116.0000	7000.0000	0.0000	1.3368	9.6835	-0.0000	11813.3179	2.7664	0.0000	2.3339	0.0000
17.3000	1207.5006	14.8084	13534.8164	5540.3888	0.0000	0.0156	721.5574	23941.5000	8000.0000	0.0000	26076.0000	7000.0000	0.0000	1.3805	9.6911	-0.0000	11655.8301	2.8616	0.0000	2.4088	0.0000
17.4000	1209.5139	14.8976	13653.0452	5565.3795	0.0000	0.0156	720.3908	23906.5000	8000.0000	0.0000	26036.0000	7000.0000	0.0000	1.4233	9.6990	-0.0000	11498.1371	2.9554	0.0000	2.4827	0.0000
17.5000	1211.4699	14.9867	13771.4702	5590.4031	0.0000	0.0155	719.2279	23871.5000	8000.0000	0.0000	25996.0000	7000.0000	0.0000	1.4653	9.7071	-0.0000	11340.2448	3.0479	0.0000	2.5555	0.0000
17.6000	1213.3705	15.0757	13890.0852	5615.4610	0.0000	0.0155	718.0689	23836.5000	8000.0000	0.0000	25956.0000	7000.0000	0.0000	1.5068	9.7154	-0.0000	11182.1591	3.1391	0.0000	2.6272	0.0000
17.7000	1215.2242	15.1645	14008.8848	5640.5546	0.0000	0.0155	716.9135	23801.5000	8000.0000	0.0000	25916.0000	7000.0000	0.0000	1.5478	9.7240	-0.0000	11023.8852	3.2289	0.0000	2.6979	0.0000
17.8000	1217.0330	15.2533	14127.8638	5665.6856	0.0000	0.0155	715.7619	23766.5000	8000.0000	0.0000	25876.0000	7000.0000	0.0000	1.5880	9.7327	-0.0000	10865.4279	3.3174	0.0000	2.7675	0.0000
17.9000	1218.7975	15.3420	14247.0175	5690.8553	0.0000	0.0155	714.6141	23731.5000	8000.0000	0.0000	25836.0000	7000.0000	0.0000	1.6274	9.7417	-0.0000	10706.7917	3.4047	0.0000	2.8361	0.0000
18.0000	1220.5185	15.4305	14366.3410	5716.0653	0.0000	0.0154	713.4700	23696.5000	8000.0000	0.0000	25796.0000	7000.0000	0.0000	1.6661	9.7509	-0.0000	10547.9811	3.4907	0.0000	2.9037	0.0000
18.1000	1222.1965	15.5189	14485.8296	5741.3170	0.0000	0.0154	712.3297	23661.5000	8000.0000	0.0000	25756.0000	7000.0000	0.0000	1.7041	9.7603	-0.0000	10389.0007	3.5755	0.0000	2.9703	0.0000
18.2000	1223.8323	15.6071	14605.4786	5766.6120	0.0000	0.0154	711.1931	23626.5000	8000.0000	0.0000	25716.0000	7000.0000	0.0000	1.7413	9.7699	-0.0000	10229.8546	3.6590	0.0000	3.0360	0.0000
18.3000	1225.4263	15.6952	14725.2835	5791.9515	0.0000	0.0154	710.0602	23591.5000	8000.0000	0.0000	25676.0000	7000.0000	0.0000	1.7778	9.7797	-0.0000	10070.5472	3.7413	0.0000	3.1007	0.0000
18.4000	1227.0107	15.1955	14845.2419	5817.3297	0.0000	-0.3412	708.9312	23556.5000	8000.0000	0.0000	25636.0000	7000.0000	0.0000	1.2518	6.2588	-0.0000	10871.5595	3.4266	0.0000	-8.8828	0.0000
18.5000	1228.8711	12.5918	14965.3714	5842.7090	0.0000	-0.5337	707.8058	23521.5000	8000.0000	0.0000	25596.0000	7000.0000	0.0000	0.2698	6.2172	-0.0000	10709.6391	0.9772	0.0000	-5.4333	0.0000
18.6000	1230.8656	9.4879	15085.7122	5868.0423	0.0000	-0.5312	706.6842	23486.5000	8000.0000	0.0000	25556.0000	7000.0000	0.0000	-1.1155	6.1747	-0.0000	10547.5219	-2.0641	0.0000	-5.5227	0.0000
18.7000	1232.3603	6.5954	15206.2641	5893.2473	0.0000	-0.4680	705.5664	23451.5000	8000.0000	0.0000	25516.0000	7000.0000	0.0000	-2.3839	6.1316	-0.0000	10385.2108	-4.8958	0.0000	-6.6156	0.0000
18.8000	1233.3128	4.1054	15326.9878	5918.2384	0.0000	-0.3935	704.4523	23416.5000	8000.0000	0.0000	25476.0000	7000.0000	0.0000	-3.4242	6.0884	-0.0000	10222.7528	-7.3008	0.0000	-7.7997	0.0000
18.9000	1233.8455	2.0378	15447.8454	5942.9448	0.0000	-0.3221	703.3420	23381.5000	8000.0000	0.0000	25436.0000	7000.0000	0.0000	-4.2677	6.0454	-0.0000	10060.1937	-9.2564	0.0000	-8.8249	0.0000
19.0000	1234.2079	0.3606	15568.8178	5967.3115	0.0000	-0.2582	702.2354	23346.5000	8000.0000	0.0000	25396.0000	7000.0000	0.0000	-4.9319	6.0031	-0.0000	9897.5602	-10.7963	0.0000	-9.6300	0.0000
19.1000	1234.4306	-0.9713	15689.8969	5991.2963	0.0000	-0.2024	701.1325	23311.5000	8000.0000	0.0000	25356.0000	7000.0000	0.0000	-5.4287	5.9616	-0.0000	9734.8647	-11.9702	0.0000	-10.2169	0.0000
19.2000	1234.5391	-2.0031	15811.0744	6014.8673	0.0000	-0.1541	700.0335	23276.5000	8000.0000	0.0000	25316.0000	7000.0000	0.0000	-5.7836	5.9212	-0.0000	9572.1181	-12.8279	0.0000	-10.6074	0.0000
19.3000	1234.5616	-2.7761	15932.3429	6038.0016	0.0000	-0.1126	698.9381	23241.5000	8000.0000	0.0000	25276.0000	7000.0000	0.0000	-6.0193	5.8821	-0.0000	9409.3298	-13.4146	0.0000	-10.8270	0.0000
19.4000	1234.5261	-3.3266	16053.6962	6060.6837	0.0000	-0.0769	697.8465	23206.5000	8000.0000	0.0000	25236.0000	7000.0000	0.0000	-6.1550	5.8445	-0.0000	9246.5071	-13.7703	0.0000	-10.9004	0.0000
19.5000	1234.4579	-3.6863	16175.1295	6082.9047	0.0000	-0.0464	696.7587	23171.5000	8000.0000	0.0000	25196.0000	7000.0000	0.0000	-6.2069	5.8085	-0.0000	9083.6550	-13.9296	0.0000	-10.8493	0.0000
19.6000	1234.3792	-3.8827	16296.6393	6104.6607	0.0000	-0.0202	695.6746	23136.5000	8000.0000	0.0000	25156.0000	7000.0000	0.0000	-6.1885	5.7741	-0.0000	8920.7770	-13.9224	0.0000	-10.6929	0.0000
19.7000	1234.3088	-3.9393	16418.2236	6125.9527	0.0000	0.0021	694.5943	23101.5000	8000.0000	0.0000	25116.0000	7000.0000	0.0000	-6.1109	5.7416	-0.0000	8757.8746	-13.7747	0.0000	-10.4479	0.0000
19.8000	1234.2615	-3.8766	16539.8813	6146.7851	0.0000	0.0212	693.5177	23066.5000	8000.0000	0.0000	25076.0000	7000.0000	0.0000	-5.9837	5.7109	-0.0000	8594.9477	-13.5084	0.0000	-10.1284	0.0000
19.9000	1234.2488	-3.7120	16661.6122	6167.1656	0.0000	0.0375	692.4448	23031.5000	8000.0000	0.0000	25036.0000	7000.0000	0.0000	-5.8147	5.6822	-0.0000	8431.9954	-13.1427	0.0000	-9.7469	0.0000
20.0000	1234.2790	-3.4606	16783.4168	6187.1045	0.0000	0.0513	691.3758	22996.5000	8000.0000	0.0000	24996.0000	7000.0000	0.0000	-5.6107	5.6554	-0.0000	8269.0156	-12.6939	0.0000	-9.3140	0.0000
20.1000	1234.3575	-3.1353	16905.2961	6206.6143	0.0000	0.0631	690.3104	22961.5000	8000.0000	0.0000	24956.0000	7000.0000	0.0000	-5.3776	5.6306	-0.0000	8106.0057	-12.1761	0.0000	-8.8390	0.0000
20.2000	1234.4875	-2.7475	17027.2514	6225.7092	0.0000	0.0730	689.2488	22926.5000	8000.0000	0.0000	24916.0000	7000.0000	0.0000	-5.1202	5.6079	-0.0000	7942.9626	-11.6014	0.0000	-8.3296	0.0000
20.3000	1234.6698	-2.3066	17149.2841	6244.4049	0.0000	0.0815	688.1910	22891.5000	8000.0000	0.0000	24876.0000	7000.0000	0.0000	-4.8428	5.5872	-0.0000	7779.8829	-10.9803	0.0000	-7.7928	0.0000
20.4000	1234.9037	-1.8210	17271.3955	6262.7184	0.0000	0.0885	687.1369	22856.5000	8000.0000	0.0000	24836.0000	7000.0000	0.0000	-4.5492	5.5685	-0.0000	7616.7633	-10.3216	0.0000	-7.2345	0.0000
20.5000	1235.1870	-1.2980	17393.5869	6280.6676	0.0000	0.0944	686.0866	22821.5000	8000.0000	0.0000	24796.0000	7000.0000	0.0000	-4.2425	5.5519	-0.0000	7453.6005	-9.6332	0.0000	-6.6598	0.0000
20.6000	1235.5163	-0.7439	17515.8593	6298.2712	0.0000	0.0993	685.0400	22786.5000	8000.0000	0.0000	24756.0000	7000.0000	0.0000	-3.9257	5.5373	-0.0000	7290.3913	-8.9218	0.0000	-6.0731	0.0000
20.7000	1235.8874	-0.1641	17638.2135	6315.5483	0.0000	0.1033	683.9971	22751.5000	8000.0000	0.0000	24716.0000	7000.0000	0.0000	-3.6013	5.5247	-0.0000	7127.1329	-8.1932	0.0000	-5.4784	0.0000
20.8000	1236.3303	0.4366	17760.6505	6332.5187	0.0000	0.1066	682.9581	22716.5000	8000.0000	0.0000	24676.0000	7000.0000	0.0000	-3.2826	5.5142	-0.0000	6963.8222	-7.4523	0.0000	-4.8784	0.0000
20.9000	1236.9153	1.0541	17883.1780	6349.2025	0.0000	0.1092	681.9227	22681.5000	8000.0000	0.0000	24636.0000	7000.0000	0.0000	-2.9617	5.5056	-0.0000	6800.4506	-6.7029	0.0000	-4.2748	0.0000
21.0000	1237.6392	1.6851	18005.8069	6365.6200	0.0000	0.1112	680.8911	22646.5000	8000.0000	0.0000	24596.0000	7000.0000	0.0000	-2.6358	5.4990	-0.0000	6637.0049	-5.9487	0.0000	-3.6708	0.0000
21.1000	1238.4953	2.3266	18128.5474	6381.7921	0.0000	0.1128	679.8633	22611.5000	8000.0000	0.0000	24556.0000	7000.0000	0.0000	-2.3063	5.4943	-0.0000	6473.4729	-5.1928	0.0000	-3.0690	0.0000
21.2000	1239.4728	2.9759	18251.4093	6397.7398	0.0000	0.1139	678.8392	22576.5000	8000.0000	0.0000	24516.0000	7000.0000	0.0000	-1.9737	5.4916	-0.0000	6309.8428	-4.4381	0.0000	-2.4717	0.0000
21.3000	1240.5558	3.6306	18374.4008	6413.4842	0.0000	0.1146	677.8189	22541.5000	8000.0000	0.0000	24476.0000	7000.0000	0.0000	-1.6400	5.4907	-0.0000	6146.1040	-3.6872	0.0000	-1.8812	0.0000
21.4000	1241.7393	4.2882	18497.5292	6429.0465	0.0000	0.1149	676.8023	22506.5000	8000.0000	0.0000	24436.0000	7000.0000	0.0000	-1.3077	5.4916	-0.0000	5982.2473	-2.9427	0.0000	-1.2992	0.0000
21.5000	1243.0732	4.9463	18620.8033	6444.4481	0.0000	0.1148	675.7894	22471.5000	8000.0000	0.0000	24396.0000	7000.0000	0.0000	-0.9792	5.4944	-0.0000	5818.2623	-2.2068	0.0000	-0.7273	0.0000
21.6000	1244.5308	5.6027	18744.2359	6459.7108	0.0000	0.1143	674.7804	22436.5000	8000.0000	0.0000	24356.0000	7000.0000	0.0000	-0.6488	5.4988	-0.0000	5654.1342	-1.4818	0.0000	-0.1677	0.0000
21.7000	1246.0112	6.2552	18867.8310	6474.8555	0.0000	0.1134	673.7750	22401.5000	8000.0000	0.0000	24316.0000	7000.0000	0.0000	-0.3223	5.5050	-0.0000	5489.8558	-0.7700	0.0000	0.3838	0.0000
21.8000	1247.5043	6.9034	18991.5878	6489.9026	0.0000	0.1128	672.7734	22366.5000	8000.0000	0.0000	24276.0000	7000.0000	0.0000	-0.0012	5.5127	-0.0000	5325.4259	-0.0722	0.0000	0.9317	0.0000
21.9000	1248.9664	7.5461	19115.5038	6504.8719	0.0000	0.1111	671.7756	22331.5000	8000.0000	0.0000	24236.0000	7000.0000	0.0000	0.3117	5.5221	-0.0000	5160.8450	0.6115	0.0000	1.4237	0.0000
22.0000	1250.3462	8.1759	19239.5705	6519.7822	0.0000	0.1084	670.7815	22296.5000	8000.0000	0.0000	24196.0000	7000.0000	0.0000	0.6131	5.5328	-0.0000	4996.1190	1.2741	0.0000	1.9125	0.0000
22.1000	1251.6419	8.7900	19363.7773	6534.6510	0.0000	0.1057	669.7912	22261.5000	8000.0000	0.0000	24156.0000	7000.0000	0.0000	0.9022	5.5450	-0.0000	4831.2569	1.9124	0.0000	2.3944	0.0000
22.2000	1252.8035	9.3888	19488.1124	6549.4952	0.0000	0.1030	668.8046	22226.5000	8000.0000	0.0000	24116.0000	7000.0000	0.0000	1.1741	5.5586	-0.0000	4666.2684	2.5273	0.0000	2.8538	0.0000
22.3000	1253.7653	9.9717	19612.5567	6564.3295	0.0000	0.1002	667.8217	22191.5000	8000.0000	0.0000	24076.0000	7000.0000	0.0000	1.4309	5.5734	-0.0000	4501.1706	3.1189	0.0000	3.2941	0.0000
22.4000	1254.5699	10.5382	19737.0896	6579.1674	0.0000	0.0973	666.8427	22156.5000	8000.0000	0.0000	24036.0000	7000.0000	0.0000	1.6774	5.5894	-0.0000	4335.9827	3.6870	0.0000	3.7155	0.0000
22.5000	1255.2482	11.0878	19861.6958	6594.0224	0.0000	0.0943	665.8673	22121.5000	8000.0000	0.0000	23996.0000	7000.0000	0.0000	1.9108	5.6065	-0.0000	4170.7193	4.2315	0.0000	4.1175	0.0000
22.6000	1255.8030	11.6201	19986.3611	6608.9074	0.0000	0.0912	664.8957	22086.5000	8000.0000	0.0000	23956.0000	7000.0000	0.0000	2.1312	5.6248	-0.0000	4005.3933	4.7523	0.0000	4.5007	0.0000
22.7000	1256.2364	12.1346	20111.0718	6623.8344	0.0000	0.0881	663.9279	22051.5000	8000.0000	0.0000	23916.0000	7000.0000	0.0000	2.3386	5.6441	-0.0000	3840.0173	5.2494	0.0000	4.8654	0.0000
22.8000	1256.5459	12.6313	20235.8141	6638.8145	0.0000	0.0850	662.9638	22016.5000	8000.0000	0.0000	23876.0000	7000.0000	0.0000	2.5331	5.6644	-0.0000	3674.6037	5.7230	0.0000	5.2122	0.0000
22.9000	1256.7351	13.1100	20360.5745	6653.8580	0.0000	0.0818	662.0035	21981.5000	8000.0000	0.0000	23836.0000	7000.0000	0.0000	2.7154	5.6856	-0.0000	3509.1651	6.1735	0.0000	5.5415	0.0000
23.0000	1256.8087	13.5710	20485.3398	6668.9744	0.0000	0.0788	661.0469	21946.5000	8000.0000	0.0000	23796.0000	7000.0000	0.0000	2.8861	5.7076	-0.0000	3343.7137	6.6013	0.0000	5.8540	0.0000
23.1000	1256.7717	14.0146	20610.0976	6684.1728	0.0000	0.0758	660.0940	21911.5000	8000.0000	0.0000	23756.0000	7000.0000	0.0000	3.0456	5.7306	-0.0000	3178.2610	7.0072	0.0000	6.1503	0.0000
23.2000	1256.6288	14.4413	20734.8358	6699.4612	0.0000	0.0729	659.1450	21876.5000	8000.0000	0.0000	23716.0000	7000.0000	0.0000	3.1945	5.7543	-0.0000	3012.8183	7.3918	0.0000	6.4311	0.0000
23.3000	1256.3852	14.8515	20859.5429	6714.8472	0.0000	0.0701	658.1996	21841.5000	8000.0000	0.0000	23676.0000	7000.0000	0.0000	3.3333	5.7787	-0.0000	2847.3961	7.7560	0.0000	6.6973	0.0000
23.4000	1256.0489	15.2462	20984.2082	6730.3379	0.0000	0.0674	657.2580	21806.5000	8000.0000	0.0000	23636.0000	7000.0000	0.0000	3.4649	5.8039	-0.0000	2682.0046	8.1008	0.0000	6.9496	0.0000
23.5000	1255.6622	15.6258	21108.8231	6745.9402	0.0000	0.0649	656.3202	21771.5000	8000.0000	0.0000	23596.0000	7000.0000	0.0000	3.5929	5.8298	-0.0000	2516.6520	8.4270	0.0000	7.1857	0.0000
23.6000	1255.2376	15.9908	21233.3823	6761.6612	0.0000	0.0623	655.3861	21736.5000	8000.0000	0.0000	23556.0000	7000.0000	0.0000	3.7123	5.8563	-0.0000	2351.3428	8.7349	0.0000	7.4056	0.0000
23.7000	1254.7763	16.3407	21357.8812	6777.5078	0.0000	0.0596	654.4558	21701.5000	8000.0000	0.0000	23516.0000	7000.0000	0.0000	3.8232	5.8834	-0.0000	2186.0809	9.0246	0.0000	7.6101	0.0000
23.8000	1254.2796	16.6754	21482.3150	6793.4862	0.0000	0.0569	653.5292	21666.5000	8000.0000	0.0000	23476.0000	7000.0000	0.0000	3.9257	5.9110	-0.0000	2020.8703	9.2960	0.0000	7.7991	0.0000
23.9000	1253.7490	16.9942	21606.6795	6809.6021	0.0000	0.0541	652.6063	21631.5000	8000.0000	0.0000	23436.0000	7000.0000	0.0000	4.0197	5.9392	-0.0000	1855.7146	9.5489	0.0000	7.9722	0.0000
24.0000	1253.1862	17.2968	21730.9705	6825.8607	0.0000	0.0512	651.6873	21596.5000	8000.0000	0.0000	23396.0000	7000.0000	0.0000	4.1051	5.9678	-0.0000	1690.6174	9.7829	0.0000	8.1291	0.0000
24.1000	1252.5929	17.5823	21855.1838	6842.2668	0.0000	0.0481	650.7719	21561.5000	8000.0000	0.0000	23356.0000	7000.0000	0.0000	4.1819	5.9967	-0.0000	1525.5821	9.9976	0.0000	8.2689	0.0000
24.2000	1251.9710	17.8500	21979.3159	6858.8246	0.0000	0.0449	649.8603	21526.5000	8000.0000	0.0000	23316.0000	7000.0000	0.0000	4.2500	6.0261	-0.0000	1360.6119	10.1926	0.0000	8.3905	0.0000
24.3000	1251.3226	18.0987	22103.3632	6875.5377	0.0000	0.0415	648.9525	21491.5000	8000.0000	0.0000	23276.0000	7000.0000	0.0000	4.3089	6.0557	-0.0000	1195.7098	10.3668	0.0000	8.4921	0.0000
24.4000	1250.6499	18.3270	22227.3225	6892.4092	0.0000	0.0377	648.0484	21456.5000	8000.0000	0.0000	23236.0000	7000.0000	0.0000	4.3583	6.0855	-0.0000	1030.8785	10.5193	0.0000	8.5708	0.0000
24.5000	1249.9554	18.5326	22351.1909	6909.4417	0.0000	0.0335	647.1481	21421.5000	8000.0000	0.0000	23196.0000	7000.0000	0.0000	4.3975	6.1154	-0.0000	866.1206	10.6480	0.0000	8.6213	0.0000
24.6000	1249.2418	18.7120	22474.9657	6926.6372	0.0000	0.0284	646.2515	21386.5000	8000.0000	0.0000	23156.0000	7000.0000	0.0000	4.4249	6.1454	-0.0000	701.4383	10.7500	0.0000	8.6334	0.0000
24.7000	1248.5123	18.8590	22598.6448	6943.9968	0.0000	0.0219	645.3586	21351.5000	8000.0000	0.0000	23116.0000	7000.0000	0.0000	4.4381	6.1752	-0.0000	536.8337	10.8197	0.0000	8.5829	0.0000
24.8000	1247.7714	18.9609	22722.2264	6961.5210	0.0000	0.0118	644.4696	21316.5000	8000.0000	0.0000	23076.0000	7000.0000	0.0000	4.4305	6.2046	-0.0000	372.3082	10.8460	0.0000	8.3968	0.0000
24.9000	1247.0259	18.9837	22845.7096	6979.2087	0.0000	-0.0094	643.5842	21281.5000	8000.0000	0.0000	23036.0000	7000.0000	0.0000	4.3798	6.2328	-0.0000	207.8629	10.7996	0.0000	7.7040	0.0000
25.0000	1246.3074	18.7345	22969.0953	6997.0548	0.0000	-0.1687	642.7026	21246.5000	8000.0000	0.0000	22996.0000	7000.0000	0.0000	3.8405	6.2513	-0.0000	43.4977	10.5362	0.0000	-5.9961	0.0000
25.0100	1246.2540	18.6379	22981.4288	6998.8471	0.0000	-0.3041	642.6147	21243.0000	8000.0000	0.0000	22992.0000	7000.0000	0.0000	3.2005	6.2472	-0.0000	27.0655	10.4660	0.0000	-25.5223	0.0000
